6.750000e-01 6.809407e-01
8.550000e-01 8.301399e-01
5.100000e-01 5.591175e-01
2.700000e-01 4.741019e-01
5.700000e-01 5.894894e-01
6.600000e-01 6.676156e-01
6.900000e-01 6.972255e-01
7.950000e-01 7.936804e-01
6.000000e-01 6.124270e-01
4.500000e-01 5.233797e-01
4.950000e-01 5.428412e-01
4.800000e-01 5.341691e-01
2.250000e-01 4.674341e-01
1.350000e-01 4.642185e-01
4.650000e-01 5.298007e-01
5.400000e-01 5.696135e-01
8.850000e-01 8.422987e-01
5.250000e-01 5.609315e-01
9.000000e-02 4.566622e-01
3.600000e-01 4.932279e-01
8.100000e-01 8.045748e-01
5.850000e-01 6.020276e-01
3.000000e-01 4.796707e-01
3.150000e-01 4.849719e-01
4.350000e-01 5.161159e-01
7.650000e-01 7.692587e-01
1.650000e-01 4.620083e-01
4.050000e-01 5.061214e-01
3.000000e-02 4.617399e-01
3.450000e-01 4.906874e-01
1.500000e-02 4.571171e-01
7.350000e-01 7.413714e-01
2.400000e-01 4.717163e-01
5.550000e-01 5.789528e-01
7.500000e-01 7.555547e-01
3.300000e-01 4.855458e-01
1.050000e-01 4.602093e-01
7.500000e-02 4.658109e-01
1.800000e-01 4.646297e-01
4.500000e-02 4.687856e-01
8.250000e-01 8.141815e-01
6.150000e-01 6.261399e-01
7.800000e-01 7.818168e-01
3.750000e-01 4.971785e-01
7.050000e-01 7.115394e-01
2.100000e-01 4.691238e-01
1.200000e-01 4.605223e-01
7.200000e-01 7.261329e-01
8.400000e-01 8.239681e-01
3.900000e-01 5.003212e-01
1.575000e+00 3.098765e-01
6.300000e-01 6.379863e-01
6.450000e-01 6.525866e-01
2.550000e-01 4.709269e-01
0.000000e+00 4.541852e-01
4.200000e-01 5.121044e-01
1.560000e+00 3.291586e-01
6.000000e-02 4.504714e-01
8.700000e-01 8.373630e-01
1.500000e-01 4.649690e-01
1.170000e+00 7.822692e-01
1.950000e-01 4.639460e-01
1.365000e+00 5.833836e-01
2.850000e-01 4.782237e-01
1.425000e+00 5.063133e-01
1.665000e+00 2.086731e-01
1.035000e+00 8.464845e-01
1.005000e+00 8.536211e-01
1.380000e+00 5.648627e-01
1.260000e+00 7.037623e-01
9.300000e-01 8.556295e-01
1.695000e+00 1.806089e-01
1.215000e+00 7.469663e-01
1.140000e+00 8.021066e-01
1.710000e+00 1.681351e-01
1.440000e+00 4.867369e-01
1.650000e+00 2.243933e-01
1.485000e+00 4.264685e-01
1.125000e+00 8.104403e-01
1.500000e+00 4.066825e-01
1.110000e+00 8.188590e-01
1.410000e+00 5.258303e-01
1.230000e+00 7.325495e-01
1.275000e+00 6.877055e-01
1.200000e+00 7.591518e-01
1.395000e+00 5.450525e-01
1.080000e+00 8.319800e-01
1.785000e+00 1.164815e-01
9.450000e-01 8.543700e-01
9.150000e-01 8.503414e-01
1.245000e+00 7.183159e-01
1.620000e+00 2.567256e-01
1.350000e+00 6.019767e-01
1.020000e+00 8.500897e-01
1.065000e+00 8.378111e-01
1.305000e+00 6.553751e-01
1.590000e+00 2.918036e-01
1.095000e+00 8.261326e-01
9.000000e-01 8.467842e-01
1.155000e+00 7.925922e-01
1.470000e+00 4.464737e-01
1.635000e+00 2.404339e-01
1.545000e+00 3.480155e-01
1.755000e+00 1.345901e-01
1.725000e+00 1.562971e-01
1.290000e+00 6.715986e-01
1.605000e+00 2.736880e-01
1.770000e+00 1.256703e-01
9.900000e-01 8.540413e-01
1.935000e+00 6.002350e-02
9.600000e-01 8.552095e-01
1.455000e+00 4.662213e-01
1.530000e+00 3.670783e-01
1.320000e+00 6.377589e-01
1.905000e+00 6.750687e-02
1.740000e+00 1.454871e-01
1.830000e+00 9.368363e-02
2.475000e+00 1.958096e-02
2.070000e+00 3.874720e-02
2.265000e+00 2.568354e-02
2.010000e+00 4.621829e-02
9.750000e-01 8.550252e-01
1.515000e+00 3.869642e-01
1.335000e+00 6.198937e-01
2.040000e+00 4.216600e-02
1.680000e+00 1.946113e-01
1.050000e+00 8.426246e-01
2.280000e+00 2.505832e-02
2.115000e+00 3.452206e-02
2.130000e+00 3.341026e-02
2.385000e+00 2.163090e-02
2.160000e+00 3.120863e-02
1.965000e+00 5.390010e-02
2.595000e+00 1.775679e-02
2.460000e+00 1.981283e-02
2.550000e+00 1.830969e-02
1.920000e+00 6.374551e-02
1.995000e+00 4.867319e-02
1.800000e+00 1.084610e-01
1.845000e+00 8.760056e-02
2.295000e+00 2.454528e-02
1.815000e+00 1.007113e-01
2.100000e+00 3.573884e-02
1.860000e+00 8.211733e-02
2.565000e+00 1.810950e-02
2.310000e+00 2.360262e-02
1.185000e+00 7.709411e-01
2.610000e+00 1.828852e-02
2.250000e+00 2.673321e-02
2.205000e+00 2.867173e-02
2.535000e+00 1.848130e-02
2.055000e+00 4.037737e-02
2.145000e+00 3.227571e-02
2.370000e+00 2.202858e-02
2.520000e+00 1.862532e-02
2.025000e+00 4.422931e-02
1.890000e+00 7.184627e-02
1.980000e+00 5.093207e-02
2.325000e+00 2.348148e-02
2.505000e+00 1.895574e-02
2.685000e+00 1.672210e-02
2.220000e+00 2.775710e-02
2.400000e+00 2.126219e-02
1.875000e+00 7.665642e-02
2.175000e+00 3.026962e-02
2.190000e+00 2.941847e-02
2.445000e+00 2.024217e-02
2.340000e+00 2.307592e-02
2.235000e+00 2.698969e-02
2.625000e+00 1.724649e-02
2.805000e+00 1.597263e-02
2.430000e+00 2.056073e-02
2.490000e+00 1.923638e-02
2.415000e+00 2.084496e-02
2.085000e+00 3.733792e-02
2.640000e+00 1.453082e-02
2.670000e+00 1.727489e-02
2.835000e+00 1.583024e-02
2.940000e+00 1.246596e-02
2.730000e+00 1.647391e-02
2.910000e+00 1.565629e-02
2.655000e+00 1.698017e-02
2.355000e+00 2.250087e-02
1.950000e+00 5.692426e-02
2.895000e+00 1.563238e-02
2.700000e+00 1.643204e-02
2.580000e+00 1.787430e-02
2.715000e+00 1.650257e-02
2.745000e+00 1.627253e-02
2.865000e+00 1.590230e-02
3.000000e+00 1.517744e-02
2.970000e+00 1.517879e-02
2.880000e+00 1.556691e-02
2.820000e+00 1.567150e-02
2.760000e+00 1.607941e-02
2.925000e+00 1.537253e-02
2.790000e+00 1.577174e-02
2.955000e+00 1.746658e-02
2.985000e+00 1.535236e-02
2.775000e+00 1.589089e-02
2.850000e+00 1.520060e-02
