3.000000e-01 7.755766e-01
1.200000e-01 7.490441e-01
4.500000e-02 7.452479e-01
1.800000e-01 7.553753e-01
2.400000e-01 7.647906e-01
1.500000e-02 7.431101e-01
1.500000e-01 7.524499e-01
3.300000e-01 7.804988e-01
1.950000e-01 7.571928e-01
1.650000e-01 7.544491e-01
2.250000e-01 7.624880e-01
6.000000e-02 7.446817e-01
7.500000e-02 7.456758e-01
1.350000e-01 7.509212e-01
2.850000e-01 7.717424e-01
2.700000e-01 7.690823e-01
2.100000e-01 7.598597e-01
9.000000e-02 7.464290e-01
3.150000e-01 7.775637e-01
3.000000e-02 7.424873e-01
0.000000e+00 7.402248e-01
3.900000e-01 7.961652e-01
2.550000e-01 7.662359e-01
4.650000e-01 8.220867e-01
1.050000e-01 7.481323e-01
5.850000e-01 8.687139e-01
4.200000e-01 8.052062e-01
5.250000e-01 8.434371e-01
3.600000e-01 7.882423e-01
6.450000e-01 8.955537e-01
4.800000e-01 8.250587e-01
5.100000e-01 8.374058e-01
6.300000e-01 8.890737e-01
6.750000e-01 9.081844e-01
6.150000e-01 8.824070e-01
4.950000e-01 8.313617e-01
5.700000e-01 8.625362e-01
6.600000e-01 9.019356e-01
5.400000e-01 8.495196e-01
4.050000e-01 8.003281e-01
4.350000e-01 8.098863e-01
6.000000e-01 8.755918e-01
8.100000e-01 9.494937e-01
3.450000e-01 7.848644e-01
3.750000e-01 7.920972e-01
4.500000e-01 8.150055e-01
9.300000e-01 9.588638e-01
5.550000e-01 8.560951e-01
9.750000e-01 9.567063e-01
8.700000e-01 9.570819e-01
9.900000e-01 9.553921e-01
7.050000e-01 9.178141e-01
7.350000e-01 9.304537e-01
8.550000e-01 9.557391e-01
8.250000e-01 9.519593e-01
7.650000e-01 9.394107e-01
1.020000e+00 9.515713e-01
9.600000e-01 9.577400e-01
8.400000e-01 9.540522e-01
9.150000e-01 9.588845e-01
7.200000e-01 9.253447e-01
7.800000e-01 9.431633e-01
1.005000e+00 9.536442e-01
7.500000e-01 9.350728e-01
6.900000e-01 9.140919e-01
1.050000e+00 9.463268e-01
1.320000e+00 7.870902e-01
9.000000e-01 9.585910e-01
9.450000e-01 9.586143e-01
8.850000e-01 9.580159e-01
1.200000e+00 8.892372e-01
1.155000e+00 9.128625e-01
1.185000e+00 8.978406e-01
1.215000e+00 8.797936e-01
1.275000e+00 8.329101e-01
1.365000e+00 7.309045e-01
1.335000e+00 7.693469e-01
1.125000e+00 9.251530e-01
1.065000e+00 9.430182e-01
7.950000e-01 9.465717e-01
1.395000e+00 6.877846e-01
1.080000e+00 9.393087e-01
1.170000e+00 9.057022e-01
1.245000e+00 8.582865e-01
1.260000e+00 8.460100e-01
1.665000e+00 2.383450e-01
1.350000e+00 7.506920e-01
1.545000e+00 4.280826e-01
1.035000e+00 9.491420e-01
1.110000e+00 9.304003e-01
1.500000e+00 5.096718e-01
1.230000e+00 8.695701e-01
1.095000e+00 9.350997e-01
1.710000e+00 1.863877e-01
1.305000e+00 8.033647e-01
1.620000e+00 3.017782e-01
1.560000e+00 4.013499e-01
1.530000e+00 4.546554e-01
1.740000e+00 1.579652e-01
1.140000e+00 9.193309e-01
1.380000e+00 7.101151e-01
1.590000e+00 3.502726e-01
1.680000e+00 2.196780e-01
1.470000e+00 5.636781e-01
1.290000e+00 8.186399e-01
1.410000e+00 6.646379e-01
1.605000e+00 3.251907e-01
1.575000e+00 3.753327e-01
1.845000e+00 9.084789e-02
1.650000e+00 2.583852e-01
1.425000e+00 6.405895e-01
2.010000e+00 4.648498e-02
1.695000e+00 2.024497e-01
1.440000e+00 6.156102e-01
1.515000e+00 4.823990e-01
1.965000e+00 5.429302e-02
1.890000e+00 7.365515e-02
1.815000e+00 1.057458e-01
1.905000e+00 6.891465e-02
1.455000e+00 5.899953e-01
1.875000e+00 7.881050e-02
2.025000e+00 4.429436e-02
2.055000e+00 4.055395e-02
1.920000e+00 6.472070e-02
1.725000e+00 1.714397e-01
2.040000e+00 4.229380e-02
1.755000e+00 1.454266e-01
1.785000e+00 1.235525e-01
1.485000e+00 5.368581e-01
1.935000e+00 6.085821e-02
1.995000e+00 4.884243e-02
2.355000e+00 2.274065e-02
1.770000e+00 1.339397e-01
2.235000e+00 2.724890e-02
1.800000e+00 1.140353e-01
2.085000e+00 3.737036e-02
1.635000e+00 2.795113e-01
1.950000e+00 5.740350e-02
2.220000e+00 2.793604e-02
2.190000e+00 2.958565e-02
2.250000e+00 2.654662e-02
2.310000e+00 2.417217e-02
2.070000e+00 3.895617e-02
2.160000e+00 3.142336e-02
2.400000e+00 2.147174e-02
2.385000e+00 2.189611e-02
2.100000e+00 3.603509e-02
1.830000e+00 9.786829e-02
2.370000e+00 2.233170e-02
2.265000e+00 2.590159e-02
2.115000e+00 3.470116e-02
2.130000e+00 3.352480e-02
2.280000e+00 2.535587e-02
2.340000e+00 2.315988e-02
2.145000e+00 3.247360e-02
2.430000e+00 2.074891e-02
2.595000e+00 1.793100e-02
2.295000e+00 2.474201e-02
2.535000e+00 1.876818e-02
1.860000e+00 8.453122e-02
2.655000e+00 1.724968e-02
1.980000e+00 5.143896e-02
2.175000e+00 3.048000e-02
2.700000e+00 1.686257e-02
2.415000e+00 2.108938e-02
2.730000e+00 1.660495e-02
2.565000e+00 1.831815e-02
2.580000e+00 1.808335e-02
2.745000e+00 1.652825e-02
2.505000e+00 1.925150e-02
2.685000e+00 1.698843e-02
2.475000e+00 1.976535e-02
2.625000e+00 1.757590e-02
2.445000e+00 2.040153e-02
2.460000e+00 2.010395e-02
2.715000e+00 1.670108e-02
2.610000e+00 1.776108e-02
2.940000e+00 1.571764e-02
2.205000e+00 2.879239e-02
2.490000e+00 1.949074e-02
2.520000e+00 1.885044e-02
2.640000e+00 1.738029e-02
2.775000e+00 1.635549e-02
2.760000e+00 1.641835e-02
2.850000e+00 1.602006e-02
2.820000e+00 1.614938e-02
2.910000e+00 1.575873e-02
3.000000e+00 1.557636e-02
2.925000e+00 1.571473e-02
2.790000e+00 1.628228e-02
2.325000e+00 2.368997e-02
2.970000e+00 1.558591e-02
2.955000e+00 1.567499e-02
2.880000e+00 1.587795e-02
2.985000e+00 1.586590e-02
2.550000e+00 1.858200e-02
2.835000e+00 1.608391e-02
2.805000e+00 1.613007e-02
2.865000e+00 1.596573e-02
2.670000e+00 1.712823e-02
2.895000e+00 1.581127e-02
