1.800000e-01 4.650028e-01
2.850000e-01 4.773833e-01
1.350000e-01 4.609529e-01
7.500000e-02 4.580326e-01
1.200000e-01 4.588726e-01
2.700000e-01 4.752705e-01
2.400000e-01 4.714174e-01
6.000000e-02 4.571935e-01
3.000000e-02 4.537557e-01
1.650000e-01 4.632288e-01
2.100000e-01 4.667809e-01
1.050000e-01 4.587207e-01
3.000000e-01 4.809801e-01
1.950000e-01 4.662748e-01
2.250000e-01 4.699426e-01
3.150000e-01 4.830490e-01
0.000000e+00 4.545636e-01
3.300000e-01 4.862120e-01
9.000000e-02 4.582292e-01
2.550000e-01 4.735690e-01
1.500000e-02 4.531823e-01
4.500000e-02 4.553968e-01
1.500000e-01 4.620824e-01
4.050000e-01 5.052276e-01
6.150000e-01 6.253332e-01
6.300000e-01 6.385062e-01
5.850000e-01 6.009819e-01
5.400000e-01 5.696302e-01
6.750000e-01 6.814339e-01
5.100000e-01 5.508652e-01
4.500000e-01 5.227652e-01
6.450000e-01 6.521728e-01
5.250000e-01 5.601346e-01
6.600000e-01 6.666718e-01
4.800000e-01 5.358242e-01
5.700000e-01 5.897805e-01
3.450000e-01 4.894443e-01
4.200000e-01 5.108362e-01
3.750000e-01 4.969257e-01
3.900000e-01 5.023481e-01
3.600000e-01 4.939163e-01
5.550000e-01 5.792902e-01
7.500000e-01 7.554329e-01
4.350000e-01 5.168272e-01
4.650000e-01 5.284754e-01
9.300000e-01 8.528040e-01
9.600000e-01 8.551440e-01
9.750000e-01 8.548810e-01
6.000000e-01 6.129858e-01
9.150000e-01 8.502331e-01
4.950000e-01 5.438840e-01
7.950000e-01 7.936185e-01
8.700000e-01 8.369712e-01
1.020000e+00 8.499063e-01
8.250000e-01 8.143250e-01
1.005000e+00 8.523399e-01
7.050000e-01 7.116857e-01
8.100000e-01 8.045766e-01
8.550000e-01 8.305310e-01
7.800000e-01 7.818338e-01
7.200000e-01 7.265272e-01
8.850000e-01 8.423701e-01
7.650000e-01 7.689605e-01
1.320000e+00 6.377555e-01
1.275000e+00 6.881077e-01
9.000000e-01 8.468393e-01
1.305000e+00 6.551887e-01
6.900000e-01 6.963593e-01
1.140000e+00 8.019883e-01
9.450000e-01 8.542654e-01
1.365000e+00 5.834293e-01
9.900000e-01 8.540748e-01
1.170000e+00 7.821919e-01
1.095000e+00 8.258155e-01
1.260000e+00 7.037294e-01
1.125000e+00 8.107508e-01
1.230000e+00 7.329853e-01
8.400000e-01 8.229841e-01
7.350000e-01 7.410600e-01
1.350000e+00 6.018979e-01
1.200000e+00 7.589547e-01
1.665000e+00 2.090310e-01
1.245000e+00 7.184165e-01
1.110000e+00 8.187158e-01
1.155000e+00 7.925368e-01
1.650000e+00 2.243297e-01
1.620000e+00 2.567922e-01
1.485000e+00 4.267862e-01
1.050000e+00 8.424341e-01
1.215000e+00 7.462562e-01
1.035000e+00 8.465813e-01
1.335000e+00 6.201304e-01
1.470000e+00 4.466060e-01
1.710000e+00 1.682766e-01
1.575000e+00 3.099680e-01
1.515000e+00 3.869952e-01
1.440000e+00 4.865237e-01
1.545000e+00 3.475511e-01
1.290000e+00 6.720182e-01
1.080000e+00 8.320656e-01
1.185000e+00 7.709505e-01
1.395000e+00 5.452090e-01
1.830000e+00 9.407623e-02
1.455000e+00 4.665003e-01
1.815000e+00 1.008607e-01
1.560000e+00 3.288801e-01
1.065000e+00 8.378046e-01
1.695000e+00 1.811899e-01
1.605000e+00 2.741524e-01
1.500000e+00 4.069529e-01
1.995000e+00 4.851518e-02
2.010000e+00 4.612201e-02
2.055000e+00 4.039487e-02
1.920000e+00 6.368399e-02
1.860000e+00 8.199108e-02
1.530000e+00 3.673235e-01
1.680000e+00 1.947459e-01
1.380000e+00 5.645192e-01
1.800000e+00 1.082795e-01
2.175000e+00 3.029507e-02
1.785000e+00 1.164923e-01
1.635000e+00 2.401798e-01
1.590000e+00 2.917859e-01
1.425000e+00 5.063884e-01
1.740000e+00 1.453494e-01
1.965000e+00 5.372878e-02
2.040000e+00 4.213185e-02
1.410000e+00 5.258016e-01
2.160000e+00 3.126682e-02
1.905000e+00 6.758920e-02
2.355000e+00 2.253878e-02
1.845000e+00 8.776005e-02
1.890000e+00 7.199473e-02
1.950000e+00 5.673574e-02
2.265000e+00 2.577888e-02
2.145000e+00 3.223801e-02
2.340000e+00 2.297756e-02
2.205000e+00 2.859651e-02
2.025000e+00 4.410319e-02
2.520000e+00 1.877833e-02
1.725000e+00 1.564253e-01
1.875000e+00 7.674431e-02
2.085000e+00 3.727475e-02
2.400000e+00 2.121508e-02
2.250000e+00 2.637259e-02
1.935000e+00 6.004900e-02
1.770000e+00 1.252109e-01
2.310000e+00 2.398053e-02
2.130000e+00 3.337497e-02
2.385000e+00 2.171603e-02
1.980000e+00 5.107167e-02
2.190000e+00 2.942614e-02
1.755000e+00 1.347448e-01
2.235000e+00 2.709028e-02
2.505000e+00 1.903810e-02
2.610000e+00 1.749648e-02
2.070000e+00 3.879452e-02
2.490000e+00 1.930682e-02
2.220000e+00 2.780053e-02
2.700000e+00 1.651191e-02
2.280000e+00 2.513136e-02
2.550000e+00 1.828243e-02
2.745000e+00 1.626153e-02
2.865000e+00 1.564112e-02
2.685000e+00 1.673320e-02
2.430000e+00 2.054606e-02
2.370000e+00 2.207239e-02
2.100000e+00 3.587368e-02
2.115000e+00 3.455669e-02
2.595000e+00 1.769389e-02
2.295000e+00 2.454384e-02
2.655000e+00 1.703133e-02
2.580000e+00 1.789011e-02
2.565000e+00 1.803888e-02
2.325000e+00 2.346715e-02
2.850000e+00 1.569891e-02
2.535000e+00 1.850685e-02
2.835000e+00 1.575103e-02
2.460000e+00 1.982299e-02
2.415000e+00 2.088417e-02
2.475000e+00 1.958001e-02
2.730000e+00 1.639051e-02
2.775000e+00 1.606258e-02
2.625000e+00 1.731483e-02
2.955000e+00 1.533152e-02
2.445000e+00 2.019265e-02
2.895000e+00 1.540446e-02
2.640000e+00 1.715278e-02
2.715000e+00 1.650675e-02
2.940000e+00 1.540559e-02
2.925000e+00 1.517062e-02
2.670000e+00 1.686078e-02
2.760000e+00 1.612020e-02
2.880000e+00 1.556996e-02
3.000000e+00 1.517715e-02
2.910000e+00 1.460918e-02
2.805000e+00 1.599351e-02
2.820000e+00 1.589883e-02
2.970000e+00 1.018932e-02
2.790000e+00 1.596305e-02
2.985000e+00 1.527830e-02
