0.000000e+00 3.256909e-02
2.250000e-01 3.351706e-02
3.000000e-02 3.249010e-02
1.050000e-01 3.277044e-02
1.350000e-01 3.299811e-02
3.300000e-01 3.451437e-02
2.850000e-01 3.389754e-02
1.200000e-01 3.291392e-02
1.800000e-01 3.323132e-02
2.100000e-01 3.326378e-02
6.000000e-02 3.264311e-02
9.000000e-02 3.281135e-02
3.150000e-01 3.423539e-02
1.500000e-01 3.305575e-02
1.950000e-01 3.324484e-02
1.650000e-01 3.310145e-02
2.700000e-01 3.378450e-02
3.000000e-01 3.402874e-02
4.500000e-02 3.274924e-02
2.550000e-01 3.364627e-02
7.500000e-02 3.270985e-02
3.450000e-01 3.480890e-02
1.500000e-02 3.262850e-02
4.800000e-01 3.893909e-02
5.700000e-01 4.533484e-02
2.400000e-01 3.350293e-02
6.450000e-01 5.558029e-02
4.650000e-01 3.820145e-02
6.300000e-01 5.305216e-02
6.600000e-01 5.846453e-02
6.750000e-01 6.165353e-02
5.400000e-01 4.271098e-02
6.150000e-01 5.073732e-02
3.750000e-01 3.539152e-02
5.550000e-01 4.392490e-02
4.950000e-01 3.973174e-02
4.200000e-01 3.660320e-02
6.000000e-01 4.865615e-02
5.250000e-01 4.158360e-02
4.050000e-01 3.605534e-02
3.900000e-01 3.581701e-02
4.500000e-01 3.759280e-02
9.900000e-01 2.326544e-01
6.900000e-01 6.554241e-02
4.350000e-01 3.700050e-02
9.150000e-01 1.830402e-01
8.250000e-01 1.223848e-01
5.100000e-01 4.060916e-02
7.650000e-01 9.135937e-02
1.005000e+00 2.408124e-01
5.850000e-01 4.698198e-02
8.400000e-01 1.316502e-01
1.020000e+00 2.480141e-01
8.700000e-01 1.513756e-01
1.335000e+00 2.011426e-01
7.350000e-01 7.945214e-02
8.850000e-01 1.618017e-01
3.600000e-01 3.499765e-02
9.000000e-01 1.724082e-01
7.500000e-01 8.515414e-02
8.100000e-01 1.137848e-01
7.950000e-01 1.057637e-01
9.750000e-01 2.235899e-01
1.230000e+00 2.451951e-01
1.035000e+00 2.541324e-01
7.800000e-01 9.830477e-02
1.260000e+00 2.331052e-01
9.600000e-01 2.140239e-01
1.680000e+00 9.932476e-02
1.095000e+00 2.688149e-01
1.365000e+00 1.888840e-01
9.450000e-01 2.038237e-01
7.050000e-01 6.965846e-02
7.200000e-01 7.426341e-02
1.110000e+00 2.698127e-01
1.185000e+00 2.599534e-01
9.300000e-01 1.935158e-01
8.550000e-01 1.412982e-01
1.080000e+00 2.668669e-01
1.245000e+00 2.392581e-01
1.215000e+00 2.505635e-01
2.025000e+00 3.826704e-02
1.140000e+00 2.685418e-01
1.380000e+00 1.829763e-01
1.605000e+00 1.162731e-01
1.290000e+00 2.203503e-01
1.320000e+00 2.075241e-01
1.155000e+00 2.664203e-01
1.305000e+00 2.139198e-01
1.170000e+00 2.635514e-01
1.125000e+00 2.697223e-01
1.440000e+00 1.614453e-01
1.050000e+00 2.595290e-01
1.065000e+00 2.637096e-01
1.710000e+00 9.284567e-02
1.350000e+00 1.949202e-01
1.200000e+00 2.554110e-01
1.455000e+00 1.566488e-01
1.530000e+00 1.349681e-01
1.425000e+00 1.665575e-01
1.485000e+00 1.474760e-01
1.665000e+00 1.026424e-01
1.275000e+00 2.269118e-01
1.575000e+00 1.234869e-01
1.560000e+00 1.271843e-01
1.650000e+00 1.059652e-01
1.950000e+00 4.797990e-02
1.770000e+00 8.023938e-02
1.635000e+00 1.093633e-01
1.515000e+00 1.390151e-01
1.785000e+00 7.718547e-02
1.725000e+00 8.960152e-02
1.500000e+00 1.431175e-01
2.055000e+00 3.508182e-02
1.395000e+00 1.772531e-01
2.010000e+00 3.999160e-02
1.590000e+00 1.198602e-01
1.470000e+00 1.520207e-01
1.800000e+00 7.414021e-02
1.830000e+00 6.834982e-02
1.410000e+00 1.718586e-01
1.620000e+00 1.128050e-01
1.695000e+00 9.605949e-02
2.370000e+00 1.779834e-02
1.995000e+00 4.187344e-02
1.545000e+00 1.310124e-01
1.875000e+00 6.004834e-02
1.905000e+00 5.494942e-02
2.070000e+00 3.360622e-02
1.980000e+00 4.381818e-02
1.860000e+00 6.272818e-02
2.115000e+00 2.975116e-02
2.145000e+00 2.753994e-02
1.755000e+00 8.329413e-02
1.890000e+00 5.752189e-02
1.845000e+00 6.550991e-02
2.400000e+00 1.706546e-02
2.295000e+00 2.007651e-02
1.740000e+00 8.648460e-02
2.355000e+00 1.820419e-02
2.130000e+00 2.859498e-02
1.920000e+00 5.255029e-02
1.815000e+00 7.117895e-02
1.965000e+00 4.583975e-02
1.935000e+00 5.022126e-02
2.460000e+00 1.581826e-02
2.250000e+00 2.182351e-02
2.175000e+00 2.563367e-02
2.715000e+00 1.241515e-02
2.235000e+00 2.248929e-02
2.220000e+00 2.319588e-02
2.100000e+00 3.093215e-02
2.415000e+00 1.666179e-02
2.325000e+00 1.909367e-02
2.205000e+00 2.396174e-02
2.490000e+00 1.523582e-02
2.085000e+00 3.221778e-02
2.190000e+00 2.475954e-02
2.745000e+00 1.222176e-02
2.805000e+00 1.186639e-02
2.475000e+00 1.549288e-02
2.340000e+00 1.863426e-02
2.280000e+00 2.063951e-02
2.160000e+00 2.653455e-02
2.310000e+00 1.956298e-02
2.640000e+00 1.316138e-02
2.445000e+00 1.605605e-02
2.700000e+00 1.257037e-02
2.520000e+00 1.473103e-02
2.550000e+00 1.432317e-02
2.565000e+00 1.404172e-02
2.430000e+00 1.638522e-02
2.040000e+00 3.663836e-02
2.580000e+00 1.386370e-02
2.265000e+00 2.119643e-02
2.505000e+00 1.497632e-02
2.760000e+00 1.211114e-02
2.670000e+00 1.284076e-02
2.820000e+00 1.177542e-02
2.835000e+00 1.148062e-02
2.595000e+00 1.368882e-02
2.535000e+00 1.450108e-02
2.685000e+00 1.271698e-02
2.655000e+00 1.301005e-02
2.625000e+00 1.336698e-02
2.385000e+00 1.742801e-02
2.985000e+00 1.109547e-02
2.895000e+00 1.141122e-02
2.610000e+00 1.352595e-02
2.775000e+00 1.201459e-02
2.850000e+00 1.166909e-02
2.865000e+00 1.151374e-02
2.910000e+00 1.054886e-02
2.790000e+00 1.180808e-02
2.925000e+00 1.126226e-02
2.940000e+00 1.118004e-02
2.970000e+00 1.108871e-02
2.880000e+00 1.145490e-02
2.955000e+00 1.123646e-02
2.730000e+00 1.231951e-02
3.000000e+00 1.102481e-02
