2.700000e-01 6.526561e-06
4.800000e-01 3.094956e-06
-4.300000e-01 6.951838e-07
-1.500000e-01 3.855570e-06
7.500000e-03 7.414940e-06
-2.750000e-02 6.672203e-06
-2.725000e-01 1.908799e-06
4.250000e-02 7.961825e-06
3.400000e-01 nan
3.050000e-01 5.972597e-06
-2.900000e-01 1.713620e-06
-3.425000e-01 1.231605e-06
-1.675000e-01 3.532144e-06
2.000000e-01 7.784782e-06
-4.125000e-01 7.803845e-07
9.500000e-02 8.400911e-06
1.125000e-01 8.474626e-06
1.475000e-01 8.354613e-06
-8.000000e-02 5.454943e-06
5.150000e-01 2.997098e-06
-1.325000e-01 4.243272e-06
2.875000e-01 6.283701e-06
-1.000000e-02 7.040731e-06
4.100000e-01 4.108759e-06
5.325000e-01 2.909502e-06
7.750000e-02 8.358613e-06
3.225000e-01 nan
1.650000e-01 8.211810e-06
-1.150000e-01 4.631658e-06
-3.250000e-01 1.372941e-06
-6.250000e-02 5.879875e-06
-4.500000e-02 6.250613e-06
2.350000e-01 7.304938e-06
2.525000e-01 6.965885e-06
-9.750000e-02 5.032685e-06
-1.850000e-01 3.190071e-06
6.000000e-02 nan
2.175000e-01 7.531738e-06
2.500000e-02 7.690393e-06
1.825000e-01 8.026852e-06
3.750000e-01 4.695097e-06
-3.600000e-01 1.094431e-06
-2.200000e-01 2.601128e-06
3.925000e-01 4.429635e-06
4.975000e-01 3.197746e-06
-2.550000e-01 2.111643e-06
-2.025000e-01 2.891790e-06
-4.650000e-01 5.540929e-07
1.300000e-01 8.424159e-06
-3.775000e-01 9.775343e-07
4.275000e-01 3.912761e-06
1.320000e+00 9.416391e-06
-3.075000e-01 1.527536e-06
-2.375000e-01 2.342980e-06
-5.000000e-01 4.393638e-07
-3.950000e-01 8.746193e-07
-4.475000e-01 6.217041e-07
4.625000e-01 3.519530e-06
9.000000e-01 5.370196e-06
1.092500e+00 7.762426e-06
4.450000e-01 3.686722e-06
1.022500e+00 6.709005e-06
1.197500e+00 8.825936e-06
1.057500e+00 7.324753e-06
1.040000e+00 7.109454e-06
3.575000e-01 5.001548e-06
1.355000e+00 9.347008e-06
1.110000e+00 8.145821e-06
1.215000e+00 8.956558e-06
7.600000e-01 3.726644e-06
1.530000e+00 7.548248e-06
9.700000e-01 6.237620e-06
9.175000e-01 5.573051e-06
6.375000e-01 2.906616e-06
7.075000e-01 3.322422e-06
1.460000e+00 8.001927e-06
1.145000e+00 8.355840e-06
1.302500e+00 9.290670e-06
8.825000e-01 5.070925e-06
1.390000e+00 9.214739e-06
1.582500e+00 6.627978e-06
9.525000e-01 6.012235e-06
-4.825000e-01 4.941582e-07
1.565000e+00 6.950709e-06
6.200000e-01 2.883568e-06
8.475000e-01 4.695450e-06
1.372500e+00 9.298602e-06
1.075000e+00 7.550745e-06
1.005000e+00 6.617414e-06
1.162500e+00 8.483672e-06
8.125000e-01 4.274868e-06
8.650000e-01 4.922925e-06
1.425000e+00 8.903965e-06
9.875000e-01 6.495348e-06
6.900000e-01 3.173368e-06
7.775000e-01 3.848570e-06
8.300000e-01 4.504496e-06
1.285000e+00 9.335952e-06
7.950000e-01 4.050114e-06
1.127500e+00 8.119686e-06
1.442500e+00 8.706242e-06
7.250000e-01 3.434840e-06
1.547500e+00 7.263104e-06
7.425000e-01 3.402872e-06
1.232500e+00 9.134405e-06
1.337500e+00 9.436781e-06
1.495000e+00 8.092924e-06
5.500000e-01 2.878769e-06
1.477500e+00 8.334893e-06
1.250000e+00 9.243481e-06
6.550000e-01 2.989259e-06
9.350000e-01 5.784587e-06
1.267500e+00 9.289547e-06
2.090000e+00 6.038245e-07
5.850000e-01 2.847184e-06
6.725000e-01 3.068198e-06
2.265000e+00 2.436790e-07
2.107500e+00 6.267665e-07
1.180000e+00 8.739678e-06
2.510000e+00 5.008726e-08
5.675000e-01 2.516170e-06
1.757500e+00 3.168990e-06
2.405000e+00 1.003229e-07
2.370000e+00 nan
1.810000e+00 2.870397e-06
1.512500e+00 7.844740e-06
1.687500e+00 4.752080e-06
2.160000e+00 4.611341e-07
1.407500e+00 9.097543e-06
6.025000e-01 2.849497e-06
2.247500e+00 2.740583e-07
2.440000e+00 7.794280e-08
2.597500e+00 nan
1.862500e+00 2.258804e-06
1.932500e+00 1.643942e-06
2.037500e+00 9.025230e-07
1.897500e+00 1.902824e-06
1.967500e+00 1.332278e-06
2.020000e+00 1.012227e-06
2.142500e+00 5.069430e-07
1.950000e+00 1.465877e-06
1.880000e+00 2.074141e-06
1.827500e+00 2.661588e-06
2.422500e+00 8.821855e-08
2.195000e+00 3.556391e-07
1.792500e+00 3.123562e-06
2.212500e+00 3.347798e-07
2.055000e+00 8.350672e-07
2.580000e+00 3.130129e-08
2.002500e+00 1.108718e-06
2.615000e+00 2.361136e-08
2.352500e+00 1.381401e-07
2.177500e+00 4.137059e-07
1.600000e+00 6.334136e-06
2.282500e+00 2.206349e-07
1.915000e+00 1.754252e-06
1.775000e+00 3.355163e-06
1.845000e+00 2.465118e-06
2.125000e+00 5.647690e-07
2.300000e+00 1.966824e-07
2.545000e+00 3.657926e-08
1.985000e+00 1.214489e-06
2.492500e+00 5.700371e-08
2.072500e+00 7.600199e-07
2.860000e+00 3.328387e-09
1.635000e+00 5.669916e-06
1.617500e+00 6.000682e-06
1.705000e+00 4.436448e-06
1.652500e+00 5.361408e-06
2.632500e+00 2.127866e-08
2.335000e+00 1.601166e-07
2.737500e+00 1.011517e-08
2.230000e+00 3.005121e-07
2.387500e+00 1.078234e-07
2.807500e+00 4.971736e-09
1.740000e+00 3.870533e-06
1.670000e+00 5.041645e-06
2.317500e+00 1.783858e-07
2.877500e+00 2.815576e-09
2.562500e+00 3.646897e-08
2.912500e+00 2.493665e-09
2.527500e+00 4.646302e-08
2.475000e+00 6.633027e-08
2.825000e+00 3.968307e-09
1.722500e+00 4.150366e-06
2.930000e+00 2.005966e-09
2.965000e+00 5.316974e-10
2.842500e+00 3.233422e-09
2.947500e+00 2.245628e-09
3.000000e+00 1.240709e-09
2.650000e+00 1.885247e-08
2.667500e+00 1.331719e-08
2.685000e+00 1.519977e-08
2.755000e+00 8.210231e-09
2.457500e+00 7.267117e-08
2.895000e+00 3.334050e-09
2.790000e+00 4.735273e-09
2.720000e+00 8.506070e-09
2.982500e+00 1.808374e-09
2.702500e+00 1.246979e-08
2.772500e+00 6.230906e-09
