-2.550000e-01 1.528832e-09
-4.125000e-01 1.865274e-09
-2.200000e-01 8.676705e-09
7.500000e-03 5.595236e-08
-1.150000e-01 1.401262e-08
-3.950000e-01 2.415259e-09
-1.500000e-01 1.264184e-08
-4.475000e-01 1.525831e-09
-1.675000e-01 1.130476e-08
-2.900000e-01 4.883805e-09
-2.725000e-01 6.608702e-09
-1.850000e-01 1.017714e-08
-4.650000e-01 1.253974e-09
-4.825000e-01 1.170799e-09
-3.250000e-01 4.178673e-09
-2.375000e-01 7.840785e-09
-1.000000e-02 5.004304e-08
-8.000000e-02 2.949431e-08
-4.500000e-02 3.574017e-08
-9.750000e-02 2.657380e-08
-3.075000e-01 4.553549e-09
-2.025000e-01 9.958111e-09
-4.300000e-01 1.679127e-09
-6.250000e-02 3.054254e-08
7.750000e-02 6.196766e-08
-2.750000e-02 3.643111e-08
-3.600000e-01 2.879769e-09
4.100000e-01 1.153269e-06
5.325000e-01 3.296737e-06
-5.000000e-01 1.161852e-09
3.750000e-01 8.969130e-07
-1.325000e-01 2.109333e-08
3.050000e-01 5.040618e-07
3.575000e-01 7.989130e-07
6.000000e-02 5.533661e-08
2.700000e-01 4.085927e-07
2.525000e-01 3.436477e-07
5.150000e-01 2.893282e-06
-3.425000e-01 4.048196e-09
1.125000e-01 1.237116e-07
1.300000e-01 1.240325e-07
4.275000e-01 1.402709e-06
3.225000e-01 5.995552e-07
1.057500e+00 1.461669e-05
4.250000e-02 4.890224e-08
6.025000e-01 5.134151e-06
4.800000e-01 2.203117e-06
2.000000e-01 2.347153e-07
4.450000e-01 1.609625e-06
2.350000e-01 3.186068e-07
4.625000e-01 1.792737e-06
2.875000e-01 4.772252e-07
3.400000e-01 7.096757e-07
2.500000e-02 5.370666e-08
9.500000e-02 9.676444e-08
-3.775000e-01 3.042631e-09
4.975000e-01 2.393322e-06
9.350000e-01 1.228646e-05
2.175000e-01 2.815642e-07
3.925000e-01 1.071661e-06
7.950000e-01 9.584717e-06
1.650000e-01 1.781263e-07
9.000000e-01 1.160879e-05
1.040000e+00 1.451622e-05
6.550000e-01 6.473705e-06
8.300000e-01 1.029954e-05
1.127500e+00 1.700545e-05
8.125000e-01 9.934175e-06
8.475000e-01 1.063485e-05
1.005000e+00 1.377809e-05
6.375000e-01 6.024483e-06
9.175000e-01 1.109743e-05
7.250000e-01 8.115331e-06
5.500000e-01 3.759263e-06
6.200000e-01 nan
1.460000e+00 8.812496e-06
9.525000e-01 1.271539e-05
1.582500e+00 5.186319e-06
1.475000e-01 1.207121e-07
8.825000e-01 1.130693e-05
5.850000e-01 4.683283e-06
1.320000e+00 1.478066e-05
8.650000e-01 1.097565e-05
7.425000e-01 8.517906e-06
5.675000e-01 4.225509e-06
1.162500e+00 1.786619e-05
1.022500e+00 1.417750e-05
7.600000e-01 8.910512e-06
9.700000e-01 1.300323e-05
1.425000e+00 1.017648e-05
1.180000e+00 1.745477e-05
1.390000e+00 1.154091e-05
1.145000e+00 1.757687e-05
1.267500e+00 1.682299e-05
1.477500e+00 8.160847e-06
1.407500e+00 1.088044e-05
1.110000e+00 1.653140e-05
1.337500e+00 1.449862e-05
1.565000e+00 5.596764e-06
6.900000e-01 7.353805e-06
9.875000e-01 1.340199e-05
7.775000e-01 9.247329e-06
1.825000e-01 2.127430e-07
1.530000e+00 6.520490e-06
1.250000e+00 1.754241e-05
1.372500e+00 1.247457e-05
1.652500e+00 3.819651e-06
1.687500e+00 3.229844e-06
1.985000e+00 6.036185e-07
1.442500e+00 9.500033e-06
1.092500e+00 1.591211e-05
1.285000e+00 1.626911e-05
1.845000e+00 1.386220e-06
1.355000e+00 1.321421e-05
1.705000e+00 2.920628e-06
1.915000e+00 9.259209e-07
2.107500e+00 2.860571e-07
2.002500e+00 5.121746e-07
1.495000e+00 7.539279e-06
6.725000e-01 nan
1.950000e+00 7.497931e-07
1.775000e+00 2.039013e-06
1.635000e+00 4.131884e-06
1.792500e+00 1.854264e-06
1.547500e+00 6.168618e-06
1.670000e+00 3.503041e-06
1.075000e+00 1.553328e-05
1.932500e+00 8.289926e-07
1.810000e+00 1.686071e-06
1.215000e+00 1.811960e-05
2.177500e+00 1.588205e-07
2.510000e+00 1.548471e-08
1.967500e+00 nan
1.302500e+00 1.560703e-05
2.090000e+00 3.137972e-07
2.212500e+00 1.443914e-07
1.897500e+00 1.027384e-06
2.230000e+00 1.270259e-07
1.880000e+00 1.131144e-06
1.862500e+00 1.240131e-06
1.512500e+00 7.020539e-06
1.197500e+00 1.827693e-05
7.075000e-01 7.777909e-06
2.370000e+00 5.168717e-08
2.020000e+00 4.810646e-07
2.632500e+00 4.304666e-09
2.300000e+00 7.838213e-08
2.055000e+00 3.917996e-07
2.527500e+00 1.515359e-08
2.440000e+00 3.105634e-08
1.617500e+00 4.483048e-06
1.740000e+00 2.468622e-06
2.160000e+00 2.003146e-07
1.722500e+00 2.692617e-06
2.335000e+00 6.135337e-08
2.615000e+00 5.894288e-09
2.195000e+00 nan
2.737500e+00 nan
2.755000e+00 1.431138e-09
2.475000e+00 nan
1.232500e+00 1.787501e-05
2.825000e+00 9.531440e-10
2.457500e+00 2.917906e-08
2.037500e+00 4.357134e-07
2.387500e+00 4.384345e-08
2.422500e+00 nan
2.072500e+00 3.525956e-07
1.827500e+00 1.521860e-06
2.545000e+00 1.415382e-08
2.317500e+00 7.307582e-08
2.405000e+00 3.962885e-08
1.600000e+00 4.788058e-06
2.265000e+00 nan
2.685000e+00 5.545190e-09
3.000000e+00 4.203770e-12
2.860000e+00 6.525420e-10
2.580000e+00 nan
2.720000e+00 3.485807e-09
2.492500e+00 2.120800e-08
2.702500e+00 4.382276e-09
2.142500e+00 2.230487e-07
2.247500e+00 1.116932e-07
2.562500e+00 1.313837e-08
1.757500e+00 2.246104e-06
2.895000e+00 9.242127e-10
2.912500e+00 2.350969e-10
2.352500e+00 5.701244e-08
2.982500e+00 5.270313e-11
2.842500e+00 1.183108e-09
2.930000e+00 1.050549e-10
2.597500e+00 5.719682e-09
2.125000e+00 2.530124e-07
2.790000e+00 3.932313e-11
2.772500e+00 nan
2.965000e+00 4.579089e-10
2.667500e+00 nan
2.282500e+00 9.152765e-08
2.947500e+00 nan
2.877500e+00 8.983978e-10
2.650000e+00 6.663389e-09
2.807500e+00 nan
