-2.550000e-01 9.969769e-13
-2.375000e-01 6.784744e-09
-1.150000e-01 1.271104e-08
7.500000e-03 3.872559e-08
-2.750000e-02 2.706167e-08
-2.200000e-01 6.778796e-09
-4.125000e-01 1.856896e-09
-2.900000e-01 4.627105e-09
-2.725000e-01 5.259833e-09
-3.250000e-01 3.295965e-09
-3.950000e-01 2.284861e-09
-1.500000e-01 1.233816e-08
-8.000000e-02 2.024407e-08
-1.675000e-01 1.048068e-08
-4.650000e-01 1.246283e-09
-1.850000e-01 9.999149e-09
-1.000000e-02 3.411112e-08
-9.750000e-02 1.822156e-08
-4.475000e-01 1.525831e-09
-4.500000e-02 2.641248e-08
-5.000000e-01 1.019628e-09
4.100000e-01 7.925076e-07
-4.300000e-01 1.663008e-09
-4.825000e-01 1.148424e-09
5.325000e-01 2.256822e-06
-3.075000e-01 4.124586e-09
-2.025000e-01 8.699473e-09
-6.250000e-02 2.299975e-08
-1.325000e-01 1.438454e-08
2.875000e-01 2.969133e-07
3.750000e-01 5.899930e-07
-3.425000e-01 3.205236e-09
-3.600000e-01 2.875963e-09
2.350000e-01 2.011798e-07
7.750000e-02 6.157522e-08
8.125000e-01 5.910764e-06
2.525000e-01 2.281757e-07
5.150000e-01 1.968960e-06
4.275000e-01 9.144513e-07
2.000000e-01 1.547166e-07
4.800000e-01 1.460347e-06
2.700000e-01 2.588456e-07
3.050000e-01 3.364452e-07
3.575000e-01 5.102884e-07
2.500000e-02 3.865656e-08
4.975000e-01 1.693055e-06
4.450000e-01 1.064335e-06
1.057500e+00 8.188769e-06
3.225000e-01 3.865207e-07
1.300000e-01 9.317238e-08
3.400000e-01 4.443171e-07
6.000000e-02 5.533661e-08
1.337500e+00 6.141388e-06
-3.775000e-01 2.546696e-09
1.125000e-01 8.070493e-08
9.000000e-01 6.553990e-06
2.175000e-01 1.754794e-07
8.475000e-01 6.165789e-06
4.625000e-01 1.251107e-06
3.925000e-01 6.771613e-07
6.025000e-01 3.469240e-06
9.500000e-02 7.122914e-08
1.040000e+00 7.935338e-06
7.250000e-01 5.116144e-06
7.950000e-01 5.730558e-06
4.250000e-02 4.890224e-08
8.300000e-01 6.014700e-06
1.005000e+00 7.507194e-06
5.500000e-01 2.553639e-06
9.350000e-01 6.893065e-06
6.550000e-01 4.271028e-06
8.650000e-01 6.279183e-06
9.175000e-01 7.054255e-06
7.600000e-01 5.461005e-06
1.475000e-01 1.019965e-07
1.250000e+00 9.025002e-06
1.425000e+00 2.882489e-06
1.320000e+00 6.388532e-06
8.825000e-01 6.441166e-06
1.022500e+00 7.751596e-06
1.460000e+00 2.087531e-06
7.425000e-01 5.269088e-06
1.650000e-01 1.190035e-07
1.372500e+00 4.467941e-06
5.850000e-01 3.170338e-06
1.390000e+00 3.867460e-06
6.200000e-01 3.766936e-06
1.127500e+00 9.469890e-06
1.565000e+00 7.998391e-07
9.525000e-01 7.028108e-06
1.775000e+00 1.922485e-07
1.355000e+00 5.066069e-06
1.407500e+00 3.344517e-06
6.375000e-01 4.019556e-06
1.530000e+00 1.070651e-06
1.825000e-01 1.351288e-07
1.582500e+00 7.046662e-07
1.267500e+00 8.363126e-06
1.862500e+00 8.684849e-08
1.915000e+00 5.055191e-08
1.285000e+00 7.794365e-06
1.145000e+00 9.814574e-06
1.477500e+00 1.767062e-06
1.950000e+00 3.649471e-08
1.162500e+00 9.971774e-06
9.700000e-01 7.163568e-06
6.900000e-01 4.745462e-06
9.875000e-01 7.337845e-06
1.180000e+00 1.007261e-05
1.110000e+00 9.138077e-06
2.090000e+00 1.001662e-08
1.442500e+00 2.451035e-06
1.810000e+00 1.436164e-07
2.300000e+00 1.882347e-09
1.880000e+00 7.296242e-08
7.775000e-01 5.588142e-06
1.985000e+00 2.624639e-08
2.055000e+00 1.384425e-08
1.687500e+00 3.724094e-07
2.107500e+00 8.414714e-09
1.897500e+00 6.120454e-08
1.792500e+00 1.671861e-07
1.705000e+00 3.266895e-07
2.002500e+00 2.212064e-08
1.967500e+00 nan
2.825000e+00 5.242316e-15
1.932500e+00 4.376655e-08
1.845000e+00 1.032238e-07
6.725000e-01 4.499440e-06
5.675000e-01 2.877370e-06
7.075000e-01 4.964475e-06
2.422500e+00 4.031642e-10
2.387500e+00 9.607672e-10
1.495000e+00 1.484467e-06
2.440000e+00 6.673793e-10
2.615000e+00 8.450424e-11
1.215000e+00 9.787109e-06
1.512500e+00 1.256621e-06
1.635000e+00 5.063574e-07
1.652500e+00 4.607750e-07
1.670000e+00 4.160265e-07
1.197500e+00 1.004216e-05
2.510000e+00 3.200338e-10
1.547500e+00 9.218399e-07
2.212500e+00 3.658086e-09
2.580000e+00 nan
1.075000e+00 8.506556e-06
1.092500e+00 8.737035e-06
2.230000e+00 3.187595e-09
2.335000e+00 1.442645e-09
2.475000e+00 nan
2.037500e+00 1.418378e-08
2.160000e+00 2.907546e-09
2.405000e+00 8.466761e-10
2.457500e+00 4.662604e-10
2.370000e+00 1.052524e-09
1.302500e+00 7.117193e-06
1.232500e+00 9.453196e-06
1.600000e+00 6.130482e-07
2.020000e+00 1.872947e-08
2.755000e+00 1.582304e-15
2.632500e+00 1.321252e-10
2.527500e+00 3.680188e-10
1.740000e+00 2.595030e-07
1.722500e+00 2.957897e-07
2.737500e+00 nan
2.317500e+00 1.671070e-09
2.912500e+00 1.308865e-11
2.562500e+00 2.598932e-10
2.860000e+00 6.335916e-12
2.947500e+00 nan
2.492500e+00 4.519679e-10
3.000000e+00 4.203770e-12
2.177500e+00 4.846498e-09
2.685000e+00 8.403783e-11
2.195000e+00 nan
2.072500e+00 1.170453e-08
1.827500e+00 1.214759e-07
2.265000e+00 nan
2.982500e+00 5.387371e-12
2.930000e+00 4.687445e-12
2.842500e+00 3.358116e-12
2.895000e+00 1.075311e-11
1.757500e+00 2.261642e-07
2.125000e+00 7.511592e-09
2.545000e+00 3.062777e-10
2.247500e+00 2.761114e-09
2.720000e+00 4.814208e-11
2.352500e+00 4.129757e-10
2.965000e+00 2.169877e-12
1.617500e+00 5.621090e-07
2.282500e+00 1.857257e-09
2.772500e+00 nan
2.597500e+00 2.077024e-10
2.650000e+00 1.471334e-10
2.807500e+00 nan
2.790000e+00 3.931882e-11
2.702500e+00 5.941444e-11
2.142500e+00 6.356435e-09
2.877500e+00 1.442372e-11
2.667500e+00 nan
