4.100000e-01 3.611599e-08
-4.125000e-01 3.726294e-11
-1.150000e-01 3.058112e-10
2.350000e-01 1.380655e-08
4.275000e-01 4.966209e-08
7.750000e-02 4.479979e-09
4.800000e-01 6.882689e-08
1.300000e-01 6.965583e-09
6.000000e-02 1.011493e-09
1.125000e-01 6.048130e-09
4.250000e-02 3.750434e-09
4.975000e-01 7.659603e-08
2.525000e-01 1.515627e-08
-4.475000e-01 1.152290e-10
3.925000e-01 3.946990e-08
2.700000e-01 1.781413e-08
-1.325000e-01 1.126980e-09
-6.250000e-02 1.783206e-09
7.500000e-03 3.000742e-09
-1.500000e-01 1.000515e-09
9.500000e-02 5.358656e-09
-4.300000e-01 1.469088e-10
-1.850000e-01 7.997506e-10
-4.500000e-02 2.028120e-09
-1.675000e-01 7.819519e-10
3.575000e-01 3.146212e-08
5.325000e-01 9.545559e-08
-3.775000e-01 2.124191e-10
-3.600000e-01 5.686964e-11
2.000000e-01 1.110107e-08
2.875000e-01 8.329985e-09
-4.650000e-01 1.168046e-10
5.150000e-01 8.541291e-08
-8.000000e-02 1.651287e-09
3.750000e-01 3.561556e-08
2.175000e-01 1.251896e-08
-3.075000e-01 3.443239e-10
-2.200000e-01 6.308441e-10
-3.425000e-01 2.717105e-10
-2.725000e-01 4.392025e-10
1.180000e+00 3.908038e-07
-2.750000e-02 2.306355e-09
-4.825000e-01 9.946431e-11
-3.250000e-01 2.572766e-10
-2.025000e-01 7.078276e-10
1.475000e-01 7.789036e-09
1.650000e-01 8.756661e-09
-2.550000e-01 4.941749e-10
2.500000e-02 3.405372e-09
1.547500e+00 4.885075e-08
-5.000000e-01 9.002066e-11
1.530000e+00 5.673962e-08
-9.750000e-02 1.466086e-09
8.825000e-01 3.529032e-07
9.350000e-01 5.617653e-07
3.225000e-01 2.485223e-08
1.825000e-01 9.828402e-09
4.450000e-01 5.480486e-08
-2.375000e-01 5.574744e-10
-2.900000e-01 3.912617e-10
3.050000e-01 2.246838e-08
9.000000e-01 5.315082e-07
4.625000e-01 2.148610e-08
-1.000000e-02 2.680245e-09
1.092500e+00 5.121311e-07
1.302500e+00 2.216878e-07
6.200000e-01 1.578330e-07
1.005000e+00 5.801591e-07
1.477500e+00 7.994927e-08
1.442500e+00 9.842393e-08
1.320000e+00 2.019731e-07
1.407500e+00 1.198701e-07
9.875000e-01 5.855269e-07
3.400000e-01 2.823491e-08
1.162500e+00 4.166497e-07
6.375000e-01 1.760517e-07
1.250000e+00 2.823661e-07
1.127500e+00 4.694890e-07
1.285000e+00 2.420882e-07
9.700000e-01 5.810332e-07
1.145000e+00 4.377293e-07
1.460000e+00 8.809913e-08
-3.950000e-01 1.886640e-10
1.057500e+00 5.539095e-07
7.075000e-01 2.535660e-07
1.337500e+00 1.819676e-07
1.565000e+00 4.542469e-08
1.425000e+00 1.104678e-07
6.900000e-01 2.280592e-07
6.725000e-01 2.123611e-07
7.250000e-01 2.723508e-07
1.197500e+00 3.621982e-07
2.142500e+00 2.297156e-10
5.500000e-01 1.054259e-07
1.022500e+00 5.802626e-07
5.850000e-01 1.305169e-07
1.495000e+00 6.960718e-08
1.267500e+00 2.661216e-07
6.025000e-01 1.440881e-07
1.512500e+00 6.360271e-08
9.175000e-01 5.531324e-07
1.215000e+00 3.374536e-07
1.110000e+00 4.954428e-07
7.950000e-01 3.841314e-07
7.425000e-01 3.020076e-07
2.527500e+00 1.192684e-11
8.300000e-01 4.356074e-07
1.232500e+00 3.145057e-07
9.525000e-01 5.038105e-07
1.582500e+00 3.947358e-08
7.600000e-01 3.277343e-07
1.355000e+00 1.657147e-07
8.650000e-01 4.874942e-07
2.492500e+00 1.960786e-11
1.670000e+00 2.291244e-08
1.372500e+00 1.496471e-07
5.675000e-01 1.176899e-07
2.195000e+00 4.061388e-10
1.040000e+00 5.687252e-07
2.300000e+00 8.260249e-11
2.580000e+00 3.222898e-11
2.230000e+00 4.565904e-10
7.775000e-01 3.534139e-07
2.317500e+00 3.673617e-11
1.635000e+00 1.209304e-08
2.037500e+00 4.928272e-10
2.510000e+00 1.547008e-11
1.950000e+00 3.395668e-09
2.457500e+00 3.486402e-11
2.212500e+00 4.794725e-10
2.055000e+00 1.207809e-09
2.597500e+00 3.307331e-11
6.550000e-01 1.932594e-07
1.932500e+00 3.554007e-09
1.985000e+00 2.681073e-09
1.600000e+00 3.611312e-08
1.390000e+00 1.323256e-07
2.020000e+00 1.491898e-09
2.247500e+00 1.202864e-10
1.722500e+00 1.622848e-08
2.352500e+00 1.405002e-10
8.475000e-01 4.624762e-07
2.422500e+00 1.151543e-11
2.107500e+00 8.255823e-10
2.072500e+00 1.297341e-09
2.335000e+00 2.037839e-10
1.757500e+00 1.289377e-08
8.125000e-01 4.092550e-07
2.615000e+00 2.619208e-11
2.405000e+00 1.001549e-10
2.177500e+00 5.905350e-10
2.265000e+00 3.522549e-10
1.687500e+00 2.038623e-08
2.440000e+00 1.738782e-11
1.967500e+00 2.872588e-09
1.740000e+00 1.433443e-08
1.792500e+00 9.820525e-09
1.880000e+00 5.246248e-09
2.632500e+00 4.687971e-12
2.545000e+00 2.880626e-11
2.160000e+00 5.714755e-10
1.075000e+00 5.364414e-07
2.475000e+00 6.286972e-11
2.282500e+00 3.248531e-10
2.982500e+00 1.494886e-13
2.685000e+00 3.029395e-12
1.845000e+00 6.840175e-09
2.002500e+00 2.334709e-09
1.652500e+00 2.583313e-08
1.827500e+00 5.708213e-09
2.772500e+00 1.175189e-12
2.807500e+00 5.921799e-13
2.370000e+00 1.732174e-10
2.720000e+00 2.551061e-12
2.562500e+00 4.270973e-11
1.775000e+00 1.116507e-08
1.705000e+00 1.755290e-08
2.090000e+00 6.797229e-10
3.000000e+00 3.303637e-13
1.897500e+00 4.910962e-09
2.702500e+00 1.007386e-28
2.930000e+00 5.776926e-13
2.842500e+00 7.570456e-13
2.650000e+00 2.096654e-11
1.862500e+00 5.928663e-09
1.810000e+00 8.937373e-09
1.617500e+00 3.195434e-08
2.755000e+00 1.689827e-15
2.387500e+00 1.603465e-10
2.125000e+00 9.911356e-10
2.895000e+00 6.346227e-13
2.790000e+00 2.200988e-12
1.915000e+00 4.238772e-09
2.947500e+00 1.311590e-13
2.860000e+00 4.237135e-13
2.825000e+00 1.258867e-12
2.737500e+00 2.864219e-12
2.877500e+00 3.269922e-12
2.912500e+00 1.800012e-12
2.667500e+00 1.213505e-11
2.965000e+00 5.928288e-13
