-2.900000e-01 1.988250e-10
-3.250000e-01 1.562625e-10
-5.000000e-01 4.668233e-11
-4.475000e-01 6.708001e-11
-1.500000e-01 5.227491e-10
-2.025000e-01 3.639255e-10
-3.425000e-01 1.384925e-10
-4.825000e-01 5.267576e-11
-4.125000e-01 8.541047e-11
-2.550000e-01 2.533984e-10
-3.775000e-01 1.087792e-10
-3.950000e-01 9.639108e-11
-3.075000e-01 1.763339e-10
-4.650000e-01 5.943646e-11
-4.300000e-01 7.570480e-11
-1.325000e-01 5.896857e-10
9.500000e-02 2.821880e-09
-3.600000e-01 1.227383e-10
-2.375000e-01 2.857722e-10
-2.725000e-01 2.243503e-10
-2.200000e-01 3.225253e-10
1.825000e-01 5.140544e-09
2.350000e-01 7.358008e-09
-1.675000e-01 4.632347e-10
1.300000e-01 3.584216e-09
6.000000e-02 2.217453e-09
-4.500000e-02 1.077199e-09
-1.150000e-01 6.652442e-10
7.500000e-03 1.546624e-09
-1.000000e-02 1.371420e-09
4.250000e-02 1.966002e-09
7.750000e-02 2.502098e-09
1.475000e-01 4.045742e-09
6.200000e-01 9.677560e-08
-9.750000e-02 7.501947e-10
2.525000e-01 8.292608e-09
-2.750000e-02 1.215213e-09
-8.000000e-02 8.468698e-10
4.800000e-01 3.855366e-08
5.675000e-01 6.875592e-08
2.500000e-02 1.744216e-09
4.450000e-01 3.050524e-08
1.005000e+00 7.633136e-07
2.875000e-01 1.052573e-08
5.150000e-01 4.866153e-08
6.375000e-01 1.083232e-07
3.925000e-01 2.144024e-08
1.650000e-01 4.559624e-09
3.750000e-01 1.905613e-08
4.625000e-01 3.428891e-08
2.700000e-01 9.339895e-09
3.400000e-01 1.502530e-08
4.275000e-01 2.712881e-08
-1.850000e-01 4.106359e-10
1.390000e+00 3.995099e-07
9.000000e-01 5.115553e-07
4.100000e-01 2.412644e-08
8.300000e-01 3.527379e-07
8.475000e-01 3.890980e-07
5.325000e-01 5.461623e-08
-6.250000e-02 9.548759e-10
6.725000e-01 1.354416e-07
7.775000e-01 2.593861e-07
6.550000e-01 1.211763e-07
1.022500e+00 7.958984e-07
5.500000e-01 6.126594e-08
9.525000e-01 6.438701e-07
7.250000e-01 1.882774e-07
8.650000e-01 4.278584e-07
7.600000e-01 2.334055e-07
1.125000e-01 3.180905e-09
2.000000e-01 5.792314e-09
1.057500e+00 8.441333e-07
1.775000e+00 4.167214e-08
3.050000e-01 1.185395e-08
2.175000e-01 6.527800e-09
7.950000e-01 2.879285e-07
1.337500e+00 5.055665e-07
8.125000e-01 3.191249e-07
1.110000e+00 8.698944e-07
1.232500e+00 7.278953e-07
1.162500e+00 8.377516e-07
1.407500e+00 3.673582e-07
3.575000e-01 1.691903e-08
6.900000e-01 1.513081e-07
1.250000e+00 6.927959e-07
9.350000e-01 5.999891e-07
6.025000e-01 8.635319e-08
1.215000e+00 7.606955e-07
5.850000e-01 7.710006e-08
1.040000e+00 8.230814e-07
1.180000e+00 8.162575e-07
1.197500e+00 7.900839e-07
3.225000e-01 1.335054e-08
1.442500e+00 3.079416e-07
9.175000e-01 5.557588e-07
1.547500e+00 1.721282e-07
1.285000e+00 6.189137e-07
9.875000e-01 7.266592e-07
2.160000e+00 3.123860e-09
1.617500e+00 1.131997e-07
1.075000e+00 8.593566e-07
1.635000e+00 1.017141e-07
1.145000e+00 8.542620e-07
1.320000e+00 5.429344e-07
1.565000e+00 1.552638e-07
4.975000e-01 4.331403e-08
1.600000e+00 1.259117e-07
7.425000e-01 2.097498e-07
1.722500e+00 5.850396e-08
9.700000e-01 6.865331e-07
1.425000e+00 3.366838e-07
1.495000e+00 2.321348e-07
1.302500e+00 5.805696e-07
7.075000e-01 1.688287e-07
1.670000e+00 8.172354e-08
1.582500e+00 1.399415e-07
1.792500e+00 3.714203e-08
1.372500e+00 4.336681e-07
1.932500e+00 1.464585e-08
8.825000e-01 4.689157e-07
2.545000e+00 2.207076e-10
2.002500e+00 9.130037e-09
1.705000e+00 6.545695e-08
1.355000e+00 4.690381e-07
2.107500e+00 4.468853e-09
1.687500e+00 7.314772e-08
2.020000e+00 8.106589e-09
2.055000e+00 6.394233e-09
1.092500e+00 8.677172e-07
1.827500e+00 2.948567e-08
1.460000e+00 2.808139e-07
1.810000e+00 3.310936e-08
1.530000e+00 1.904929e-07
1.127500e+00 8.648292e-07
2.177500e+00 2.770180e-09
1.985000e+00 1.027722e-08
1.967500e+00 1.156278e-08
1.267500e+00 6.562964e-07
1.740000e+00 5.226815e-08
2.212500e+00 2.180980e-09
2.440000e+00 4.560544e-10
2.492500e+00 3.175647e-10
1.915000e+00 1.647546e-08
2.405000e+00 5.803290e-10
2.562500e+00 1.957221e-10
1.477500e+00 2.555493e-07
2.317500e+00 1.060033e-09
1.652500e+00 9.116160e-08
2.930000e+00 1.552104e-11
2.352500e+00 8.334329e-10
1.757500e+00 4.665593e-08
2.195000e+00 2.456368e-09
1.880000e+00 2.081356e-08
2.370000e+00 7.385120e-10
2.125000e+00 3.966509e-09
2.597500e+00 1.534002e-10
1.512500e+00 2.104811e-07
2.825000e+00 3.196174e-11
1.950000e+00 1.302198e-08
2.090000e+00 5.036285e-09
1.845000e+00 2.626637e-08
2.072500e+00 5.673595e-09
2.387500e+00 6.544064e-10
2.947500e+00 1.353798e-11
2.877500e+00 2.221595e-11
2.702500e+00 7.449470e-11
2.790000e+00 4.064604e-11
2.300000e+00 1.195617e-09
1.897500e+00 1.850098e-08
2.037500e+00 7.202588e-09
2.737500e+00 5.850656e-11
2.142500e+00 3.520049e-09
2.982500e+00 1.069457e-11
1.862500e+00 2.336830e-08
2.755000e+00 5.183563e-11
2.510000e+00 2.815715e-10
2.580000e+00 1.734326e-10
2.230000e+00 1.932191e-09
2.772500e+00 4.594733e-11
2.335000e+00 9.390024e-10
2.265000e+00 1.520244e-09
2.475000e+00 3.582995e-10
2.422500e+00 5.148990e-10
2.527500e+00 2.491481e-10
2.247500e+00 1.714883e-09
2.685000e+00 8.420274e-11
2.457500e+00 4.040838e-10
2.807500e+00 3.608096e-11
2.965000e+00 1.212209e-11
2.282500e+00 1.347717e-09
2.650000e+00 1.070662e-10
2.912500e+00 1.736202e-11
2.615000e+00 1.363001e-10
2.860000e+00 2.510724e-11
2.895000e+00 1.977679e-11
2.720000e+00 6.593335e-11
3.000000e+00 9.460748e-12
2.842500e+00 2.846480e-11
2.667500e+00 9.490667e-11
2.632500e+00 1.209564e-10
