4.500000e-01 1.919390e-02
3.000000e-02 5.458404e-01
1.950000e-01 2.297092e-01
4.350000e-01 2.568143e-02
5.550000e-01 2.196255e-02
1.650000e-01 4.506477e-02
4.050000e-01 3.571897e-01
4.200000e-01 2.581028e-02
2.850000e-01 4.949182e-02
2.100000e-01 6.214318e-01
3.150000e-01 8.946369e-02
3.300000e-01 2.137590e-02
4.950000e-01 2.142928e-02
1.500000e-02 7.585680e-02
7.500000e-02 1.343334e-01
2.700000e-01 4.578524e-02
4.500000e-02 2.148068e-01
2.250000e-01 4.471009e-02
9.000000e-02 2.917969e-01
1.350000e-01 8.875785e-02
5.250000e-01 1.755953e-02
0.000000e+00 2.158255e-01
4.800000e-01 2.923371e-02
1.050000e-01 6.834098e-02
4.650000e-01 1.641900e-02
1.200000e-01 4.567020e-02
5.400000e-01 1.973915e-02
3.000000e-01 3.882097e-02
5.100000e-01 2.886947e-02
3.600000e-01 2.544675e-02
3.750000e-01 8.067539e-02
2.400000e-01 4.175146e-02
1.500000e-01 1.230701e-01
1.800000e-01 5.934274e-02
2.550000e-01 2.184722e-01
5.700000e-01 2.568258e-02
6.000000e-02 1.265499e-01
1.020000e+00 7.171509e-02
3.900000e-01 2.867621e-02
3.450000e-01 2.865917e-02
7.650000e-01 2.590572e-02
1.050000e+00 8.086203e-02
1.125000e+00 6.165263e-02
1.140000e+00 4.881363e-02
8.100000e-01 2.670936e-02
7.050000e-01 3.073329e-02
9.150000e-01 3.401724e-02
1.080000e+00 3.832739e-02
8.850000e-01 3.200941e-02
5.850000e-01 1.985040e-02
1.095000e+00 3.670820e-02
6.750000e-01 2.060580e-02
7.950000e-01 2.609239e-02
6.450000e-01 1.867811e-02
9.000000e-01 3.266686e-02
7.500000e-01 3.145614e-02
7.800000e-01 2.713829e-02
9.300000e-01 2.720628e-01
9.750000e-01 3.685917e-02
6.300000e-01 2.167095e-02
1.110000e+00 3.548739e-02
8.700000e-01 3.127371e-02
1.065000e+00 4.872061e-02
9.450000e-01 3.630930e-02
9.600000e-01 3.571648e-02
7.350000e-01 2.274098e-02
1.155000e+00 3.367039e-02
1.005000e+00 4.022115e-02
1.650000e+00 6.219714e-03
1.170000e+00 3.144499e-02
6.150000e-01 1.872688e-02
1.035000e+00 3.825342e-02
1.395000e+00 1.608651e-02
6.000000e-01 2.424790e-01
1.695000e+00 5.076951e-03
8.550000e-01 3.148395e-02
1.725000e+00 5.372446e-03
6.900000e-01 2.210319e-02
1.740000e+00 5.246559e-03
1.485000e+00 1.177785e-02
6.600000e-01 1.966309e-02
1.470000e+00 1.245278e-02
8.400000e-01 2.803718e-02
1.680000e+00 6.229118e-03
1.410000e+00 1.435366e-02
9.900000e-01 3.729720e-02
1.515000e+00 1.037568e-02
1.305000e+00 2.565939e-02
1.230000e+00 2.915258e-02
1.365000e+00 1.675137e-02
1.185000e+00 3.138227e-02
1.500000e+00 1.307881e-02
1.665000e+00 6.169366e-03
1.575000e+00 1.124999e-02
1.275000e+00 2.354651e-02
8.250000e-01 2.727249e-02
7.200000e-01 2.113210e-02
1.335000e+00 1.883106e-02
1.215000e+00 2.794804e-02
2.220000e+00 4.735068e-03
1.380000e+00 1.591052e-02
1.290000e+00 4.114016e-02
1.350000e+00 1.777100e-02
1.605000e+00 8.060551e-03
1.710000e+00 6.053396e-03
1.245000e+00 2.472651e-02
1.770000e+00 5.361657e-03
1.455000e+00 1.244968e-02
2.295000e+00 7.583236e-03
1.560000e+00 8.880353e-03
2.340000e+00 4.975709e-03
1.530000e+00 9.566455e-03
1.260000e+00 2.514557e-02
2.010000e+00 7.311584e-03
2.070000e+00 3.311861e-03
1.545000e+00 9.141536e-03
1.995000e+00 3.393718e-03
1.755000e+00 5.596184e-03
1.440000e+00 1.349808e-02
2.250000e+00 2.270894e-03
1.590000e+00 7.595817e-03
1.635000e+00 6.877140e-03
1.785000e+00 1.337307e-02
1.830000e+00 4.834517e-03
2.100000e+00 3.006808e-03
2.085000e+00 3.460949e-03
2.280000e+00 4.722395e-03
1.320000e+00 1.971374e-02
1.950000e+00 8.554229e-03
2.325000e+00 4.097775e-03
1.980000e+00 5.523073e-03
1.875000e+00 4.697929e-03
1.200000e+00 3.016094e-02
1.815000e+00 6.229347e-03
2.160000e+00 2.855372e-03
2.265000e+00 3.335301e-03
2.370000e+00 3.471707e-03
2.145000e+00 2.641979e-03
2.115000e+00 3.294205e-03
1.935000e+00 4.174373e-03
2.130000e+00 3.224270e-03
1.965000e+00 3.786009e-03
2.595000e+00 1.133795e-02
1.905000e+00 4.413608e-03
2.700000e+00 6.181158e-03
2.040000e+00 3.867566e-03
1.890000e+00 4.387489e-03
2.940000e+00 9.230100e-03
2.175000e+00 3.480857e-03
2.610000e+00 6.297326e-03
2.235000e+00 6.740501e-03
2.205000e+00 4.889751e-03
2.850000e+00 8.054952e-03
2.310000e+00 3.139947e-03
2.820000e+00 4.201615e-03
1.860000e+00 4.551047e-03
1.845000e+00 5.331830e-03
2.190000e+00 3.445197e-03
2.055000e+00 4.550807e-03
1.425000e+00 1.360056e-02
2.895000e+00 1.086518e-02
2.415000e+00 1.159434e-02
2.670000e+00 6.326399e-03
2.775000e+00 2.818113e-06
2.580000e+00 9.192118e-03
2.385000e+00 3.589144e-03
1.920000e+00 4.233680e-03
2.355000e+00 2.698316e-03
2.550000e+00 6.415844e-03
1.800000e+00 5.116608e-03
2.925000e+00 3.620570e-03
2.970000e+00 3.723330e-03
2.805000e+00 1.081398e-04
2.910000e+00 1.767939e-04
2.535000e+00 4.590058e-03
2.430000e+00 3.122998e-03
2.475000e+00 3.950808e-03
2.445000e+00 8.449714e-03
2.565000e+00 4.856183e-03
2.715000e+00 3.995073e-03
2.760000e+00 1.155944e-02
2.745000e+00 4.317645e-03
2.880000e+00 6.461389e-03
2.025000e+00 1.014658e-02
2.865000e+00 3.192319e-03
2.640000e+00 5.440421e-03
2.490000e+00 7.040421e-03
2.730000e+00 4.795099e-03
2.835000e+00 3.894424e-03
2.685000e+00 6.573827e-03
2.655000e+00 3.622543e-03
2.400000e+00 2.423010e-03
2.505000e+00 3.654650e-03
2.460000e+00 7.386574e-03
2.625000e+00 1.243606e-03
2.955000e+00 1.190291e-02
2.790000e+00 2.990661e-03
2.520000e+00 7.191479e-03
3.000000e+00 7.670945e-04
2.985000e+00 5.868060e-03
