-3.600000e-01 1.218025e-10
-1.675000e-01 4.590482e-10
-3.425000e-01 1.375643e-10
-4.650000e-01 5.909620e-11
-1.850000e-01 4.068242e-10
-3.950000e-01 9.582802e-11
-4.825000e-01 5.245692e-11
-5.000000e-01 4.645309e-11
-3.250000e-01 1.553077e-10
7.500000e-03 1.522467e-09
-2.900000e-01 1.976282e-10
1.825000e-01 4.985696e-09
-2.550000e-01 2.514806e-10
-1.000000e-02 1.351080e-09
-2.375000e-01 2.833999e-10
-2.725000e-01 2.229611e-10
1.650000e-01 4.437246e-09
-3.075000e-01 1.751528e-10
-2.200000e-01 3.199046e-10
-2.025000e-01 3.608491e-10
5.325000e-01 4.780203e-08
-4.300000e-01 7.530101e-11
2.500000e-02 1.715364e-09
3.575000e-01 1.590578e-08
-1.150000e-01 6.581840e-10
-4.475000e-01 6.673575e-11
3.400000e-01 1.419712e-08
8.825000e-01 2.488350e-07
7.750000e-02 2.453105e-09
4.250000e-02 1.932465e-09
9.500000e-02 2.761558e-09
-1.325000e-01 5.836501e-10
-4.125000e-01 8.493667e-11
3.750000e-01 1.781468e-08
2.350000e-01 7.088342e-09
-1.500000e-01 5.175783e-10
1.300000e-01 3.501643e-09
6.000000e-02 2.176669e-09
1.475000e-01 3.939675e-09
7.075000e-01 1.260009e-07
-3.775000e-01 1.081111e-10
1.232500e+00 1.919555e-07
3.925000e-01 1.994304e-08
5.150000e-01 4.302293e-08
-4.500000e-02 1.063207e-09
1.125000e-01 3.110247e-09
4.275000e-01 2.494612e-08
-9.750000e-02 7.424224e-10
6.900000e-01 1.154376e-07
1.057500e+00 2.914326e-07
5.850000e-01 6.513472e-08
4.800000e-01 3.468759e-08
2.175000e-01 6.307076e-09
4.975000e-01 3.865109e-08
-6.250000e-02 9.433167e-10
8.650000e-01 2.371041e-07
-8.000000e-02 8.367472e-10
4.450000e-01 2.788373e-08
1.040000e+00 2.949795e-07
7.775000e-01 1.734428e-07
7.425000e-01 1.487492e-07
8.475000e-01 2.248137e-07
3.050000e-01 1.128389e-08
8.300000e-01 2.120903e-07
9.350000e-01 2.782239e-07
7.250000e-01 1.371046e-07
1.582500e+00 3.061451e-08
2.525000e-01 7.969582e-09
1.215000e+00 2.044571e-07
5.675000e-01 5.887082e-08
-2.750000e-02 1.198524e-09
1.127500e+00 2.622940e-07
1.407500e+00 8.518276e-08
2.000000e-01 5.609899e-09
2.875000e-01 1.005400e-08
1.197500e+00 2.168961e-07
1.092500e+00 2.796317e-07
2.700000e-01 8.953466e-09
4.625000e-01 3.111927e-08
1.390000e+00 9.346705e-08
6.550000e-01 9.620703e-08
1.285000e+00 1.552713e-07
4.100000e-01 2.232810e-08
1.180000e+00 2.290385e-07
6.025000e-01 7.203518e-08
1.075000e+00 2.863925e-07
5.500000e-01 5.308461e-08
7.950000e-01 1.861896e-07
1.477500e+00 5.761244e-08
1.442500e+00 7.029519e-08
9.525000e-01 2.851549e-07
6.375000e-01 8.756707e-08
3.225000e-01 1.266155e-08
9.175000e-01 2.695800e-07
1.932500e+00 3.086536e-09
1.145000e+00 2.520375e-07
1.425000e+00 7.745205e-08
9.000000e-01 2.596960e-07
7.600000e-01 1.609474e-07
1.547500e+00 3.798133e-08
1.005000e+00 2.965264e-07
1.635000e+00 2.201604e-08
8.125000e-01 1.991516e-07
1.757500e+00 9.948907e-09
1.565000e+00 3.412294e-08
1.530000e+00 4.222564e-08
1.827500e+00 6.256210e-09
1.110000e+00 2.717422e-07
1.302500e+00 1.437012e-07
1.495000e+00 5.199558e-08
6.725000e-01 1.055635e-07
1.792500e+00 7.893747e-09
6.200000e-01 7.947194e-08
1.355000e+00 1.119254e-07
1.775000e+00 8.865582e-09
1.250000e+00 1.796001e-07
9.875000e-01 2.945669e-07
1.740000e+00 1.116557e-08
1.267500e+00 1.672711e-07
1.460000e+00 6.365618e-08
1.880000e+00 4.398689e-09
1.162500e+00 2.407824e-07
2.282500e+00 2.820882e-10
1.652500e+00 1.970488e-08
2.177500e+00 5.801464e-10
1.897500e+00 3.909057e-09
2.107500e+00 9.374583e-10
1.617500e+00 2.462025e-08
1.022500e+00 2.967622e-07
1.705000e+00 1.404116e-08
9.700000e-01 2.907812e-07
1.985000e+00 2.161730e-09
1.337500e+00 1.220088e-07
1.915000e+00 3.474853e-09
2.002500e+00 1.919859e-09
1.600000e+00 2.746259e-08
1.810000e+00 7.032024e-09
1.512500e+00 4.687369e-08
1.372500e+00 1.023810e-07
1.967500e+00 2.432552e-09
2.230000e+00 4.048725e-10
2.527500e+00 5.208145e-11
2.090000e+00 1.056616e-09
2.335000e+00 1.964329e-10
2.632500e+00 2.528679e-11
2.142500e+00 7.376151e-10
2.457500e+00 8.452577e-11
2.125000e+00 8.314154e-10
1.320000e+00 1.325690e-07
1.862500e+00 4.947665e-09
1.950000e+00 2.741632e-09
2.247500e+00 3.588116e-10
1.845000e+00 5.563977e-09
2.352500e+00 1.741104e-10
1.687500e+00 1.572301e-08
2.055000e+00 1.342283e-09
2.685000e+00 1.751156e-11
2.160000e+00 6.539444e-10
2.317500e+00 2.217495e-10
2.492500e+00 6.637911e-11
2.580000e+00 3.627780e-11
2.037500e+00 1.511775e-09
2.300000e+00 2.500586e-10
2.877500e+00 4.661372e-12
1.670000e+00 1.759369e-08
2.265000e+00 3.181184e-10
2.597500e+00 3.210608e-11
2.807500e+00 7.547799e-12
1.722500e+00 1.251764e-08
2.667500e+00 1.986482e-11
2.842500e+00 5.885908e-12
2.982500e+00 2.250446e-12
2.440000e+00 9.526667e-11
2.405000e+00 1.213197e-10
2.212500e+00 4.563008e-10
2.702500e+00 1.556650e-11
2.195000e+00 5.141036e-10
2.510000e+00 5.886818e-11
2.020000e+00 1.705342e-09
2.930000e+00 3.220948e-12
2.475000e+00 7.486371e-11
2.650000e+00 2.235288e-11
2.387500e+00 1.367627e-10
2.755000e+00 1.083138e-11
2.860000e+00 5.248861e-12
2.370000e+00 1.544581e-10
3.000000e+00 1.992903e-12
2.615000e+00 2.847479e-11
2.790000e+00 8.519420e-12
2.825000e+00 6.683741e-12
2.737500e+00 1.221996e-11
2.072500e+00 1.190931e-09
2.562500e+00 4.095090e-11
2.965000e+00 2.538573e-12
2.720000e+00 1.376556e-11
2.545000e+00 4.621708e-11
2.422500e+00 1.076662e-10
2.947500e+00 2.860440e-12
2.912500e+00 3.654576e-12
2.772500e+00 9.581722e-12
2.895000e+00 4.108269e-12
