-1.850000e-01 4.070235e-10
-1.500000e-01 5.105147e-10
-3.775000e-01 1.059559e-10
-1.150000e-01 6.564746e-10
-2.025000e-01 3.627018e-10
-2.200000e-01 3.203647e-10
-4.125000e-01 8.488556e-11
-1.675000e-01 4.584496e-10
-4.475000e-01 6.692713e-11
-3.425000e-01 1.371789e-10
-4.300000e-01 7.528103e-11
-2.900000e-01 1.973363e-10
2.700000e-01 8.973235e-09
-3.950000e-01 9.566808e-11
-4.650000e-01 5.909052e-11
2.350000e-01 7.080264e-09
-3.600000e-01 1.217269e-10
-1.325000e-01 5.836680e-10
-2.375000e-01 2.834617e-10
2.000000e-01 5.595142e-09
-9.750000e-02 7.427059e-10
-3.250000e-01 1.551359e-10
-3.075000e-01 1.747370e-10
3.050000e-01 1.129237e-08
-4.825000e-01 5.230757e-11
-5.000000e-01 4.643474e-11
2.175000e-01 6.299528e-09
4.250000e-02 1.932066e-09
-1.000000e-02 1.350880e-09
-2.550000e-01 2.515125e-10
6.000000e-02 2.172426e-09
6.900000e-01 1.153414e-07
3.225000e-01 1.265345e-08
-2.725000e-01 2.228083e-10
6.200000e-01 7.942767e-08
7.500000e-03 1.523342e-09
2.500000e-02 1.715747e-09
7.750000e-02 2.450681e-09
6.375000e-01 8.743408e-08
9.500000e-02 2.758035e-09
-6.250000e-02 9.401587e-10
6.550000e-01 9.612117e-08
4.100000e-01 2.232743e-08
2.525000e-01 7.974212e-09
1.300000e-01 3.493287e-09
4.625000e-01 3.107913e-08
7.250000e-01 1.370871e-07
7.425000e-01 1.486536e-07
1.040000e+00 2.934175e-07
-4.500000e-02 1.062172e-09
1.125000e-01 3.111043e-09
1.475000e-01 3.945623e-09
2.875000e-01 1.004906e-08
-2.750000e-02 1.199097e-09
6.725000e-01 1.053794e-07
5.500000e-01 5.305985e-08
5.150000e-01 4.298996e-08
-8.000000e-02 8.364615e-10
1.075000e+00 2.845664e-07
4.800000e-01 3.467851e-08
1.650000e-01 4.433092e-09
1.460000e+00 6.409463e-08
1.825000e-01 4.992256e-09
4.275000e-01 2.498418e-08
4.450000e-01 2.790198e-08
1.092500e+00 2.785566e-07
3.750000e-01 1.781208e-08
3.575000e-01 1.591592e-08
4.975000e-01 3.867420e-08
1.145000e+00 2.513472e-07
8.825000e-01 2.477880e-07
1.057500e+00 2.902372e-07
8.300000e-01 2.113960e-07
5.850000e-01 6.516288e-08
5.675000e-01 5.878279e-08
3.400000e-01 1.418498e-08
9.700000e-01 2.891917e-07
1.495000e+00 5.226919e-08
9.000000e-01 2.586188e-07
9.350000e-01 2.766284e-07
3.925000e-01 1.995801e-08
8.475000e-01 2.241031e-07
8.650000e-01 2.364658e-07
7.075000e-01 1.258434e-07
1.162500e+00 2.398467e-07
1.512500e+00 4.714346e-08
7.950000e-01 1.856362e-07
1.302500e+00 1.438434e-07
8.125000e-01 1.986154e-07
1.355000e+00 1.122098e-07
7.600000e-01 1.605758e-07
5.325000e-01 4.783006e-08
7.775000e-01 1.729159e-07
1.127500e+00 2.614219e-07
1.250000e+00 1.793638e-07
6.025000e-01 7.201954e-08
1.267500e+00 1.668672e-07
1.477500e+00 5.787844e-08
1.390000e+00 9.378605e-08
9.175000e-01 2.680063e-07
1.932500e+00 3.121262e-09
1.232500e+00 1.916546e-07
1.565000e+00 3.434966e-08
1.880000e+00 4.447485e-09
1.320000e+00 1.326816e-07
1.582500e+00 3.085188e-08
1.110000e+00 2.705159e-07
1.197500e+00 2.164046e-07
1.285000e+00 1.552459e-07
1.005000e+00 2.947607e-07
1.215000e+00 2.040712e-07
1.337500e+00 1.222692e-07
9.875000e-01 2.931155e-07
1.670000e+00 1.780746e-08
1.547500e+00 3.825572e-08
1.180000e+00 2.282980e-07
1.722500e+00 1.263393e-08
9.525000e-01 2.838254e-07
1.740000e+00 1.127766e-08
1.687500e+00 1.587028e-08
1.915000e+00 3.512522e-09
1.022500e+00 2.949982e-07
1.617500e+00 2.484061e-08
1.530000e+00 4.257198e-08
1.425000e+00 7.776460e-08
1.600000e+00 2.764810e-08
1.810000e+00 7.093512e-09
1.985000e+00 2.186557e-09
1.652500e+00 1.987503e-08
2.002500e+00 1.938089e-09
1.635000e+00 2.221584e-08
2.352500e+00 1.758266e-10
1.757500e+00 1.003742e-08
1.705000e+00 1.415894e-08
1.897500e+00 3.947869e-09
2.142500e+00 7.439926e-10
1.967500e+00 2.459365e-09
1.775000e+00 8.949402e-09
2.300000e+00 2.520752e-10
1.372500e+00 1.027173e-07
2.160000e+00 6.611471e-10
2.335000e+00 1.988713e-10
1.442500e+00 7.054667e-08
1.407500e+00 8.549778e-08
2.055000e+00 nan
2.230000e+00 4.088372e-10
2.090000e+00 1.068953e-09
2.107500e+00 9.453985e-10
2.772500e+00 9.379663e-12
1.792500e+00 7.926033e-09
2.037500e+00 1.531170e-09
2.177500e+00 5.849327e-10
1.950000e+00 2.771908e-09
2.422500e+00 1.078071e-10
2.020000e+00 1.724674e-09
2.387500e+00 1.380424e-10
1.845000e+00 5.622484e-09
1.862500e+00 4.994186e-09
2.125000e+00 8.409980e-10
2.195000e+00 5.200817e-10
2.317500e+00 2.235234e-10
2.072500e+00 1.204440e-09
2.650000e+00 2.198791e-11
1.827500e+00 6.305591e-09
2.562500e+00 4.078117e-11
2.475000e+00 7.547119e-11
2.720000e+00 1.346455e-11
2.212500e+00 4.615107e-10
2.440000e+00 9.578919e-11
2.755000e+00 1.052389e-11
2.580000e+00 3.661218e-11
2.405000e+00 1.225516e-10
2.370000e+00 1.561963e-10
2.510000e+00 5.889848e-11
2.597500e+00 3.212266e-11
2.247500e+00 3.625514e-10
2.457500e+00 8.547461e-11
2.807500e+00 7.356876e-12
2.527500e+00 5.258524e-11
2.737500e+00 1.228745e-11
2.982500e+00 2.165808e-12
2.615000e+00 2.875524e-11
3.000000e+00 1.943199e-12
2.825000e+00 6.620867e-12
2.842500e+00 5.953149e-12
2.265000e+00 3.209099e-10
2.877500e+00 3.954885e-12
2.895000e+00 4.119491e-12
2.930000e+00 3.103439e-12
2.282500e+00 2.852191e-10
2.492500e+00 6.703130e-11
2.632500e+00 2.546691e-11
2.860000e+00 5.107928e-12
2.790000e+00 8.521770e-12
2.545000e+00 4.638645e-11
2.947500e+00 2.887060e-12
2.667500e+00 1.906458e-11
2.702500e+00 7.828213e-12
2.685000e+00 1.763369e-11
2.912500e+00 3.613956e-12
2.965000e+00 2.404570e-12
