-1.500000e-01 2.575060e-10
-2.900000e-01 9.507429e-11
-8.000000e-02 4.245156e-10
3.750000e-01 1.808147e-08
7.500000e-03 7.706483e-10
-2.750000e-02 6.022347e-10
1.475000e-01 3.918298e-09
4.800000e-01 3.836701e-08
2.000000e-01 5.709364e-09
5.150000e-01 4.849339e-08
2.875000e-01 1.041236e-08
-1.150000e-01 2.482876e-10
2.700000e-01 9.153404e-09
-2.025000e-01 3.494303e-10
-3.075000e-01 1.716870e-10
-4.650000e-01 5.702460e-11
1.650000e-01 4.548358e-09
-3.600000e-01 1.114438e-10
-2.550000e-01 2.456999e-10
-2.725000e-01 2.206737e-10
9.500000e-02 2.773629e-09
4.275000e-01 2.709347e-08
7.750000e-02 2.470685e-09
-4.500000e-02 1.065827e-09
3.050000e-01 1.186999e-08
2.500000e-02 1.660528e-09
6.000000e-02 2.187921e-09
4.100000e-01 2.423334e-08
4.625000e-01 3.429312e-08
-9.750000e-02 7.462893e-10
1.057500e+00 7.159261e-07
-1.000000e-02 1.342783e-09
-3.250000e-01 7.796971e-11
-2.375000e-01 2.821973e-10
9.350000e-01 5.900200e-07
3.575000e-01 1.218357e-08
4.450000e-01 3.056371e-08
1.125000e-01 3.195410e-09
5.325000e-01 5.457834e-08
2.175000e-01 6.420975e-09
-3.425000e-01 1.340839e-10
-2.200000e-01 3.214172e-10
-4.825000e-01 5.028346e-11
2.350000e-01 7.376893e-09
2.525000e-01 8.310065e-09
-1.850000e-01 4.091133e-10
-6.250000e-02 9.326757e-10
4.250000e-02 1.955907e-09
-1.675000e-01 4.559309e-10
4.975000e-01 4.327979e-08
1.337500e+00 4.936393e-07
-3.950000e-01 9.489105e-11
-3.775000e-01 1.075644e-10
8.475000e-01 3.839356e-07
-1.325000e-01 5.847201e-10
3.225000e-01 1.338523e-08
1.127500e+00 8.289954e-07
1.075000e+00 7.734716e-07
-4.300000e-01 7.574043e-11
1.300000e-01 3.578276e-09
6.900000e-01 1.384401e-07
1.530000e+00 1.939435e-07
-5.000000e-01 4.584873e-11
7.425000e-01 2.078923e-07
1.040000e+00 7.929228e-07
9.700000e-01 6.693987e-07
3.925000e-01 2.143442e-08
1.215000e+00 7.461967e-07
1.512500e+00 2.116467e-07
1.825000e-01 5.130514e-09
1.320000e+00 5.448575e-07
7.600000e-01 2.320160e-07
9.525000e-01 6.262950e-07
9.000000e-01 5.026524e-07
8.300000e-01 2.041671e-07
-4.475000e-01 6.655667e-11
1.250000e+00 5.210603e-07
1.565000e+00 1.583188e-07
1.407500e+00 3.706624e-07
1.197500e+00 7.796644e-07
5.850000e-01 7.670241e-08
8.125000e-01 3.185529e-07
1.110000e+00 8.457928e-07
1.425000e+00 3.389970e-07
1.897500e+00 9.189361e-09
1.022500e+00 7.718780e-07
1.145000e+00 8.488125e-07
2.370000e+00 nan
1.302500e+00 5.785935e-07
7.250000e-01 1.112297e-07
1.582500e+00 1.389902e-07
3.400000e-01 1.504129e-08
9.175000e-01 5.384712e-07
9.875000e-01 6.882195e-07
1.740000e+00 5.171626e-08
7.075000e-01 1.678359e-07
7.950000e-01 1.818537e-07
-4.125000e-01 8.442734e-11
8.825000e-01 3.922272e-07
2.177500e+00 2.527533e-09
6.200000e-01 9.672650e-08
1.267500e+00 6.532741e-07
2.352500e+00 1.071046e-13
2.387500e+00 6.136163e-10
6.725000e-01 1.337286e-07
1.477500e+00 2.600140e-07
5.675000e-01 6.875645e-08
1.460000e+00 2.854197e-07
1.495000e+00 2.372437e-07
1.355000e+00 4.709604e-07
2.107500e+00 4.310560e-09
1.005000e+00 7.418781e-07
1.162500e+00 8.206544e-07
2.615000e+00 nan
1.232500e+00 7.239426e-07
2.475000e+00 nan
2.002500e+00 8.877381e-09
2.090000e+00 4.989641e-09
8.650000e-01 4.216325e-07
6.550000e-01 1.209566e-07
2.457500e+00 2.001620e-10
2.562500e+00 5.862110e-11
7.775000e-01 2.556442e-07
1.285000e+00 6.120433e-07
2.160000e+00 3.135809e-09
1.442500e+00 1.601943e-07
2.125000e+00 3.948535e-09
1.862500e+00 2.220840e-08
1.985000e+00 1.025225e-08
2.790000e+00 1.828554e-146
2.947500e+00 5.516216e-44
1.180000e+00 8.044375e-07
2.247500e+00 1.743290e-09
2.072500e+00 5.561344e-09
2.037500e+00 7.161237e-09
1.810000e+00 3.416884e-08
2.545000e+00 2.819677e-104
1.950000e+00 1.247729e-08
1.845000e+00 2.656108e-08
2.020000e+00 8.328273e-09
2.300000e+00 1.199506e-09
2.195000e+00 2.136348e-09
1.775000e+00 4.264274e-08
1.880000e+00 2.119981e-08
6.375000e-01 1.079344e-07
1.670000e+00 8.156261e-08
1.547500e+00 1.756553e-07
2.527500e+00 nan
1.967500e+00 1.141323e-08
6.025000e-01 8.610516e-08
1.757500e+00 3.304366e-08
1.705000e+00 6.538704e-08
1.092500e+00 8.494522e-07
1.722500e+00 5.940750e-08
1.827500e+00 2.936850e-08
2.510000e+00 nan
1.635000e+00 1.043429e-07
1.915000e+00 1.647682e-08
5.500000e-01 6.095850e-08
2.492500e+00 nan
2.055000e+00 6.570840e-09
2.282500e+00 1.269897e-09
2.335000e+00 4.351189e-10
2.230000e+00 1.402410e-09
1.792500e+00 3.820590e-08
1.687500e+00 3.704709e-08
2.317500e+00 1.001508e-09
2.212500e+00 2.117635e-09
1.372500e+00 4.377400e-07
2.265000e+00 1.553000e-09
2.825000e+00 nan
2.405000e+00 5.465485e-10
2.632500e+00 5.518422e-11
2.755000e+00 1.081606e-127
1.932500e+00 1.502955e-08
2.930000e+00 1.154115e-42
1.652500e+00 9.200007e-08
2.720000e+00 9.028215e-12
2.912500e+00 2.139741e-16
2.737500e+00 4.606388e-111
2.580000e+00 1.685914e-10
2.685000e+00 8.282796e-12
2.895000e+00 1.476826e-43
1.390000e+00 4.042082e-07
2.877500e+00 4.265782e-42
2.965000e+00 3.487296e-24
2.142500e+00 3.632258e-09
1.617500e+00 1.090701e-07
1.600000e+00 1.291604e-07
2.842500e+00 1.144580e-15
2.807500e+00 1.436877e-11
2.982500e+00 1.289273e-50
2.860000e+00 1.175654e-11
2.702500e+00 2.693804e-11
2.422500e+00 3.662348e-10
2.597500e+00 1.364546e-10
2.772500e+00 1.822247e-11
2.650000e+00 7.257479e-48
2.440000e+00 3.742933e-10
3.000000e+00 2.315101e-12
2.667500e+00 3.397825e-11
