3.575000e-01 1.572218e-08
2.350000e-01 7.040859e-09
5.150000e-01 4.271293e-08
-4.300000e-01 7.442031e-11
-4.650000e-01 5.803664e-11
1.825000e-01 4.629562e-09
-4.125000e-01 8.457619e-11
4.975000e-01 3.878537e-08
3.400000e-01 1.414642e-08
1.650000e-01 4.433550e-09
-4.475000e-01 6.490025e-11
-1.675000e-01 4.456017e-10
3.225000e-01 1.260420e-08
3.750000e-01 1.789662e-08
3.925000e-01 1.990373e-08
2.700000e-01 8.873695e-09
-4.500000e-02 5.339630e-10
-1.000000e-02 1.354294e-09
-1.500000e-01 5.091706e-10
-2.750000e-02 1.191417e-09
-3.950000e-01 9.107542e-11
4.450000e-01 2.784582e-08
6.000000e-02 2.185733e-09
2.525000e-01 7.897850e-09
-6.250000e-02 9.362471e-10
-8.000000e-02 8.384103e-10
3.050000e-01 1.131929e-08
-2.025000e-01 3.604549e-10
2.175000e-01 6.203109e-09
-2.900000e-01 1.964866e-10
-1.150000e-01 6.484394e-10
-9.750000e-02 7.398368e-10
-3.250000e-01 1.543562e-10
-3.600000e-01 1.198760e-10
1.565000e+00 3.429402e-08
-3.075000e-01 1.751936e-10
-3.775000e-01 1.069226e-10
-2.375000e-01 2.806016e-10
1.547500e+00 3.834848e-08
-2.200000e-01 3.188146e-10
2.500000e-02 1.713707e-09
-5.000000e-01 4.511242e-11
-1.850000e-01 4.034444e-10
1.125000e-01 3.104300e-09
7.500000e-03 1.521546e-09
1.425000e+00 7.798250e-08
4.100000e-01 2.235831e-08
1.320000e+00 1.326243e-07
-2.725000e-01 2.235223e-10
9.000000e-01 2.598313e-07
1.040000e+00 2.938355e-07
4.250000e-02 1.930886e-09
1.302500e+00 1.407238e-07
1.300000e-01 3.468750e-09
-4.825000e-01 5.246721e-11
6.025000e-01 7.190810e-08
2.875000e-01 1.004378e-08
2.000000e-01 5.626254e-09
9.700000e-01 2.877018e-07
1.475000e-01 3.967341e-09
-1.325000e-01 5.831740e-10
6.200000e-01 7.959301e-08
7.600000e-01 1.603617e-07
9.350000e-01 2.769450e-07
6.375000e-01 8.747951e-08
8.300000e-01 2.116808e-07
4.625000e-01 3.100479e-08
1.215000e+00 2.045533e-07
-2.550000e-01 2.513596e-10
1.372500e+00 1.025383e-07
8.475000e-01 2.245126e-07
9.500000e-02 2.753656e-09
1.495000e+00 5.236904e-08
6.550000e-01 9.608445e-08
7.250000e-01 1.367724e-07
1.232500e+00 1.914419e-07
1.407500e+00 8.541601e-08
1.022500e+00 2.953516e-07
8.125000e-01 1.981148e-07
1.285000e+00 1.550645e-07
5.850000e-01 6.505391e-08
2.475000e+00 2.962133e-11
5.325000e-01 4.792663e-08
1.355000e+00 1.119975e-07
8.650000e-01 2.360648e-07
1.267500e+00 1.665802e-07
1.197500e+00 2.176270e-07
4.275000e-01 2.497529e-08
-3.425000e-01 1.375351e-10
1.005000e+00 2.943220e-07
6.900000e-01 1.150394e-07
2.615000e+00 2.109780e-11
9.875000e-01 2.926824e-07
7.425000e-01 1.486144e-07
5.675000e-01 5.891279e-08
5.500000e-01 5.316030e-08
1.250000e+00 1.793508e-07
1.390000e+00 9.366011e-08
7.950000e-01 1.855445e-07
2.370000e+00 1.385221e-10
1.110000e+00 2.697884e-07
9.175000e-01 2.691327e-07
1.092500e+00 2.787831e-07
9.525000e-01 2.833516e-07
1.180000e+00 2.287177e-07
1.337500e+00 1.223452e-07
1.075000e+00 2.846792e-07
1.057500e+00 2.894360e-07
1.460000e+00 6.387110e-08
1.162500e+00 2.397034e-07
1.442500e+00 7.073760e-08
7.775000e-01 1.728400e-07
1.670000e+00 1.772896e-08
7.750000e-02 2.443980e-09
1.705000e+00 1.410480e-08
6.725000e-01 1.053921e-07
1.687500e+00 1.595442e-08
1.582500e+00 3.062336e-08
1.652500e+00 2.001795e-08
1.477500e+00 5.823022e-08
8.825000e-01 2.479432e-07
7.075000e-01 1.263004e-07
1.897500e+00 3.930833e-09
1.775000e+00 8.967208e-09
1.985000e+00 2.172587e-09
1.617500e+00 2.498268e-08
1.880000e+00 4.411556e-09
1.862500e+00 4.976226e-09
4.800000e-01 3.462333e-08
2.317500e+00 2.022332e-10
2.020000e+00 1.712745e-09
1.950000e+00 2.743393e-09
2.090000e+00 1.056842e-09
2.545000e+00 4.266978e-11
1.810000e+00 7.144580e-09
2.282500e+00 2.748307e-10
1.635000e+00 2.214882e-08
2.247500e+00 3.586975e-10
2.265000e+00 3.216216e-10
2.422500e+00 1.028757e-10
2.352500e+00 1.644847e-10
1.740000e+00 1.128567e-08
1.127500e+00 2.610242e-07
2.037500e+00 1.520511e-09
2.142500e+00 7.265795e-10
1.512500e+00 4.705790e-08
2.300000e+00 2.464111e-10
1.915000e+00 3.503728e-09
1.845000e+00 5.614611e-09
2.002500e+00 1.929148e-09
1.722500e+00 1.254472e-08
2.510000e+00 4.047316e-11
1.600000e+00 2.769246e-08
1.530000e+00 4.267171e-08
1.145000e+00 2.511337e-07
2.212500e+00 4.592972e-10
1.932500e+00 3.110483e-09
2.492500e+00 6.545879e-11
2.597500e+00 3.072167e-11
2.930000e+00 1.403732e-12
1.827500e+00 6.284861e-09
2.230000e+00 4.093427e-10
2.387500e+00 1.342824e-10
2.405000e+00 1.188197e-10
2.457500e+00 7.924542e-11
1.792500e+00 7.947483e-09
1.967500e+00 2.455031e-09
2.160000e+00 6.590473e-10
2.335000e+00 1.948928e-10
2.632500e+00 2.084709e-11
2.440000e+00 9.400655e-11
1.757500e+00 1.004871e-08
2.755000e+00 5.756038e-12
2.965000e+00 6.067395e-13
2.125000e+00 8.374406e-10
2.527500e+00 4.880000e-11
2.720000e+00 1.221291e-11
2.055000e+00 1.353871e-09
2.825000e+00 5.005675e-12
2.737500e+00 1.041186e-11
2.912500e+00 2.645914e-12
2.685000e+00 1.284846e-11
2.107500e+00 9.463642e-10
2.702500e+00 1.056271e-11
2.072500e+00 1.206804e-09
3.000000e+00 1.281534e-12
2.947500e+00 1.399469e-12
2.877500e+00 2.648928e-12
2.580000e+00 2.918810e-11
2.177500e+00 5.840064e-10
2.195000e+00 5.098913e-10
2.790000e+00 6.241160e-12
2.562500e+00 4.009665e-11
2.842500e+00 3.054017e-12
2.667500e+00 8.007849e-12
2.650000e+00 1.930135e-11
2.807500e+00 5.065377e-12
2.982500e+00 1.077806e-12
2.772500e+00 8.810104e-12
2.895000e+00 2.288164e-12
2.860000e+00 4.292691e-12
