6.600000e-01 6.765944e-06
3.150000e-01 5.747755e-12
3.750000e-01 8.970822e-10
2.400000e-01 8.282844e-07
4.200000e-01 6.219452e-08
8.550000e-01 3.299195e-04
0.000000e+00 8.183674e-04
3.000000e-02 2.500235e-06
6.750000e-01 6.378423e-05
2.550000e-01 2.426934e-06
8.850000e-01 3.576570e-04
6.450000e-01 3.500534e-05
7.350000e-01 1.689298e-04
9.000000e-02 7.612815e-09
7.200000e-01 1.159463e-04
7.950000e-01 2.461260e-04
4.350000e-01 1.739784e-05
5.700000e-01 3.400001e-05
8.250000e-01 2.815048e-04
8.700000e-01 3.697007e-04
8.400000e-01 3.179025e-04
4.800000e-01 3.151947e-05
5.100000e-01 3.752165e-05
1.500000e-02 2.610991e-06
6.000000e-01 2.636148e-05
1.650000e-01 5.897788e-06
4.500000e-01 6.150183e-05
7.500000e-02 2.327044e-06
3.600000e-01 2.979875e-08
2.100000e-01 1.212549e-05
1.320000e+00 1.176151e-02
1.050000e-01 6.183776e-06
7.800000e-01 1.969414e-04
5.400000e-01 1.663980e-05
4.950000e-01 7.686787e-05
4.650000e-01 4.922653e-07
3.300000e-01 5.476430e-05
7.050000e-01 1.362291e-04
7.650000e-01 2.029959e-04
1.470000e+00 8.295895e-02
1.545000e+00 1.855112e-01
2.850000e-01 1.505600e-07
1.785000e+00 5.825577e-01
7.500000e-01 1.941952e-04
8.100000e-01 2.609324e-04
6.900000e-01 8.768852e-05
1.560000e+00 2.077053e-01
1.800000e-01 2.113203e-05
4.500000e-02 1.394938e-05
9.000000e-01 4.002233e-04
1.215000e+00 3.094541e-03
1.065000e+00 8.829809e-04
1.155000e+00 2.117849e-03
1.620000e+00 3.068271e-01
2.700000e-01 2.745948e-05
4.050000e-01 6.593946e-05
1.500000e-01 2.256352e-05
1.725000e+00 4.501342e-01
1.140000e+00 1.940608e-03
3.900000e-01 7.820178e-05
6.150000e-01 9.973115e-05
1.380000e+00 2.560095e-02
1.635000e+00 3.213654e-01
1.575000e+00 2.342425e-01
5.250000e-01 2.968466e-05
2.250000e-01 3.450483e-05
1.770000e+00 5.401131e-01
1.695000e+00 3.958820e-01
1.005000e+00 6.223447e-05
9.900000e-01 5.495717e-04
1.095000e+00 1.432050e-03
3.450000e-01 6.411368e-05
1.440000e+00 5.669721e-02
1.350000e-01 8.632365e-07
6.000000e-02 1.481973e-05
6.300000e-01 9.983639e-05
1.230000e+00 4.042757e-03
9.300000e-01 5.189814e-04
1.665000e+00 3.617741e-01
1.395000e+00 3.161558e-02
1.365000e+00 2.131313e-02
1.500000e+00 1.173457e-01
1.335000e+00 1.435019e-02
1.590000e+00 2.475312e-01
1.410000e+00 3.857934e-02
1.080000e+00 9.316964e-04
1.050000e+00 1.089998e-03
1.290000e+00 8.049587e-03
2.220000e+00 2.652628e+00
1.185000e+00 2.657467e-03
1.515000e+00 1.408088e-01
1.200000e-01 2.280308e-05
1.800000e+00 6.207397e-01
1.260000e+00 5.644555e-03
1.425000e+00 4.724711e-02
2.520000e+00 9.431519e+00
1.035000e+00 1.056502e-03
9.450000e-01 6.015202e-04
1.200000e+00 3.065096e-03
1.755000e+00 5.042728e-01
1.995000e+00 1.548344e+00
2.280000e+00 2.960201e+00
1.350000e+00 1.756067e-02
2.685000e+00 3.446527e+00
1.710000e+00 4.217944e-01
1.275000e+00 6.694259e-03
1.980000e+00 1.473007e+00
9.750000e-01 7.255252e-04
9.150000e-01 4.957241e-04
1.125000e+00 1.748466e-03
1.890000e+00 9.773411e-01
1.110000e+00 1.591141e-03
1.305000e+00 9.717353e-03
1.680000e+00 3.747685e-01
2.385000e+00 3.118196e+00
1.170000e+00 2.376491e-03
1.605000e+00 2.800117e-01
2.160000e+00 4.513002e+00
2.370000e+00 3.285992e+00
1.905000e+00 1.043145e+00
2.130000e+00 2.293775e+00
2.445000e+00 3.064557e+00
1.650000e+00 3.352909e-01
2.310000e+00 2.984809e+00
1.530000e+00 1.604514e-01
2.100000e+00 2.115674e+00
1.830000e+00 7.188279e-01
2.295000e+00 3.236083e+00
2.055000e+00 1.890460e+00
1.020000e+00 9.182612e-04
1.815000e+00 6.722904e-01
1.935000e+00 1.212338e+00
2.085000e+00 2.039396e+00
2.865000e+00 2.130970e+01
2.250000e+00 2.781871e+00
2.460000e+00 3.131548e+00
2.565000e+00 4.014383e+00
2.400000e+00 3.182724e+00
2.115000e+00 2.217941e+00
9.600000e-01 6.545132e-04
2.190000e+00 2.493425e+00
2.640000e+00 4.774277e+00
2.325000e+00 2.978293e+00
1.845000e+00 7.950378e-01
2.025000e+00 1.691712e+00
1.245000e+00 4.697316e-03
2.010000e+00 1.633628e+00
2.070000e+00 1.907929e+00
2.535000e+00 3.348828e+00
2.040000e+00 1.799131e+00
2.595000e+00 3.635776e+00
2.955000e+00 1.386328e-05
2.895000e+00 2.458895e+01
2.670000e+00 3.871661e+00
1.875000e+00 9.091286e-01
1.455000e+00 6.810117e-02
2.880000e+00 6.454917e+00
2.805000e+00 6.098964e+00
1.920000e+00 1.103068e+00
1.950000e+00 1.299024e+00
2.430000e+00 2.847557e+00
1.860000e+00 8.233752e-01
2.205000e+00 2.561770e+00
2.700000e+00 4.018595e+00
2.505000e+00 3.390235e+00
2.550000e+00 3.388535e+00
2.970000e+00 4.388721e-01
2.775000e+00 3.615190e+00
2.715000e+00 3.668400e+00
2.910000e+00 8.355990e+00
2.925000e+00 9.236585e-01
2.835000e+00 7.511162e+00
2.820000e+00 8.876488e-01
2.730000e+00 7.819508e+00
2.145000e+00 2.300531e+00
2.985000e+00 5.723592e-02
2.760000e+00 7.432539e+00
2.745000e+00 2.858187e+00
3.000000e+00 3.796203e+00
2.850000e+00 2.491927e+00
2.355000e+00 3.057035e+00
