-1.850000e-01 5.840117e-12
-3.250000e-01 2.223634e-12
-5.000000e-01 6.618548e-13
-2.200000e-01 4.579645e-12
-4.650000e-01 8.177240e-13
-4.125000e-01 1.093519e-12
-3.600000e-01 1.738156e-12
-3.425000e-01 1.796929e-12
-1.675000e-01 6.797422e-12
-2.725000e-01 3.285889e-12
-2.900000e-01 2.842179e-12
-4.825000e-01 7.119852e-13
-2.550000e-01 3.627528e-12
-4.300000e-01 1.062833e-12
-3.775000e-01 1.575879e-12
-3.950000e-01 1.388104e-12
-2.025000e-01 5.218081e-12
-4.475000e-01 9.364134e-13
7.750000e-02 3.520426e-11
-2.375000e-01 4.122642e-12
-6.250000e-02 1.369496e-11
-3.075000e-01 2.486376e-12
7.500000e-03 2.221897e-11
1.825000e-01 7.457223e-11
-4.500000e-02 1.559639e-11
1.300000e-01 5.243636e-11
2.875000e-01 1.542257e-10
-1.500000e-01 7.632015e-12
-8.000000e-02 1.218152e-11
-2.750000e-02 1.747877e-11
-1.000000e-02 1.941023e-11
-1.150000e-01 9.637200e-12
-9.750000e-02 1.085807e-11
2.500000e-02 2.524236e-11
1.650000e-01 6.653392e-11
4.275000e-01 4.048180e-10
-1.325000e-01 8.590056e-12
4.250000e-02 2.860453e-11
5.325000e-01 8.452540e-10
6.000000e-02 3.223218e-11
1.125000e-01 4.651561e-11
1.475000e-01 5.891654e-11
9.500000e-02 4.078193e-11
4.800000e-01 5.871146e-10
3.575000e-01 2.529368e-10
3.050000e-01 1.739333e-10
6.375000e-01 1.746337e-09
2.000000e-01 8.473808e-11
8.825000e-01 9.706189e-09
3.225000e-01 1.964190e-10
3.750000e-01 2.840319e-10
2.350000e-01 1.081792e-10
3.400000e-01 2.214033e-10
2.700000e-01 1.378308e-10
7.775000e-01 4.623622e-09
4.975000e-01 6.626611e-10
5.150000e-01 7.465093e-10
4.100000e-01 3.605911e-10
8.300000e-01 6.702428e-09
4.625000e-01 5.163806e-10
7.075000e-01 2.845600e-09
2.175000e-01 9.512721e-11
6.550000e-01 1.974663e-09
6.725000e-01 2.231351e-09
6.200000e-01 1.542573e-09
4.450000e-01 4.642509e-10
6.900000e-01 2.515335e-09
7.250000e-01 3.203812e-09
7.600000e-01 4.103906e-09
5.500000e-01 9.508914e-10
3.925000e-01 3.204786e-10
1.232500e+00 1.364396e-07
2.525000e-01 1.213402e-10
1.127500e+00 6.071574e-08
8.475000e-01 7.575920e-09
5.850000e-01 1.215977e-09
1.075000e+00 4.024082e-08
8.650000e-01 8.558688e-09
1.180000e+00 9.170504e-08
1.110000e+00 5.286102e-08
1.057500e+00 3.514287e-08
1.022500e+00 2.697307e-08
9.700000e-01 1.826059e-08
1.582500e+00 4.639152e-07
5.675000e-01 1.069379e-09
9.875000e-01 2.078299e-08
1.425000e+00 3.789401e-07
1.530000e+00 4.598182e-07
1.477500e+00 4.305662e-07
1.460000e+00 4.155933e-07
1.197500e+00 1.050309e-07
7.950000e-01 5.236253e-09
1.320000e+00 2.406090e-07
1.932500e+00 1.614753e-07
1.407500e+00 3.578429e-07
1.005000e+00 2.365942e-08
8.125000e-01 5.918941e-09
1.775000e+00 3.193261e-07
6.025000e-01 1.371808e-09
1.372500e+00 3.121824e-07
1.040000e+00 3.079255e-08
9.000000e-01 1.098890e-08
1.145000e+00 6.967605e-08
1.547500e+00 4.640483e-07
1.215000e+00 1.199115e-07
7.425000e-01 3.622518e-09
9.175000e-01 1.248273e-08
1.757500e+00 3.382268e-07
1.827500e+00 2.625348e-07
1.390000e+00 3.356436e-07
9.525000e-01 1.608434e-08
1.565000e+00 4.652598e-07
1.267500e+00 1.741313e-07
1.250000e+00 1.545450e-07
2.107500e+00 5.977456e-08
1.355000e+00 2.883419e-07
2.177500e+00 3.871312e-08
1.810000e+00 2.813373e-07
1.162500e+00 8.000630e-08
2.282500e+00 1.974004e-08
2.125000e+00 5.369382e-08
1.670000e+00 4.211039e-07
1.722500e+00 3.742871e-07
1.337500e+00 2.642688e-07
1.617500e+00 4.533781e-07
1.880000e+00 2.088195e-07
1.495000e+00 4.431110e-07
1.740000e+00 3.564975e-07
9.350000e-01 1.416042e-08
1.705000e+00 3.911174e-07
2.632500e+00 1.892588e-09
1.600000e+00 4.599118e-07
2.072500e+00 7.381115e-08
1.512500e+00 4.528841e-07
1.302500e+00 2.174172e-07
2.020000e+00 1.003110e-07
1.967500e+00 1.343234e-07
2.475000e+00 5.506188e-09
2.457500e+00 6.191580e-09
1.845000e+00 2.440485e-07
2.527500e+00 3.862048e-09
2.160000e+00 4.319843e-08
1.897500e+00 1.921688e-07
2.230000e+00 2.774275e-08
2.090000e+00 6.643783e-08
1.285000e+00 1.952208e-07
2.055000e+00 8.184860e-08
2.982500e+00 1.713987e-10
1.915000e+00 1.763636e-07
2.370000e+00 1.110325e-08
2.807500e+00 5.708261e-10
1.687500e+00 4.067627e-07
1.950000e+00 1.474430e-07
2.195000e+00 3.466626e-08
1.862500e+00 2.260344e-07
2.825000e+00 5.063814e-10
2.440000e+00 6.964186e-09
2.422500e+00 7.827481e-09
1.635000e+00 4.446564e-07
1.652500e+00 4.338090e-07
1.092500e+00 4.610428e-08
2.720000e+00 1.040159e-09
2.300000e+00 1.761717e-08
2.580000e+00 2.705189e-09
2.545000e+00 3.430516e-09
2.405000e+00 8.798518e-09
2.877500e+00 3.529170e-10
2.510000e+00 4.346710e-09
2.265000e+00 2.212050e-08
2.790000e+00 6.438981e-10
2.860000e+00 3.981596e-10
1.442500e+00 3.982902e-07
2.002500e+00 1.107823e-07
2.317500e+00 1.570065e-08
2.650000e+00 1.679391e-09
2.615000e+00 2.131757e-09
2.247500e+00 2.476972e-08
2.212500e+00 3.100595e-08
2.352500e+00 1.246981e-08
1.985000e+00 1.220602e-07
2.755000e+00 8.183797e-10
1.792500e+00 3.003441e-07
2.965000e+00 1.932252e-10
2.667500e+00 1.489617e-09
2.772500e+00 7.257793e-10
2.037500e+00 9.067136e-08
2.930000e+00 2.458734e-10
2.702500e+00 1.172977e-09
3.000000e+00 1.518186e-10
2.142500e+00 4.818952e-08
2.597500e+00 2.401213e-09
2.562500e+00 3.046316e-09
2.895000e+00 3.129415e-10
2.947500e+00 2.180638e-10
2.492500e+00 4.891479e-09
2.387500e+00 9.883962e-09
2.335000e+00 1.399466e-08
2.912500e+00 2.775009e-10
2.737500e+00 9.225868e-10
2.842500e+00 4.489042e-10
2.685000e+00 1.321918e-09
