-3.400000e-01 7.030190e-11
-3.800000e-01 nan
-4.800000e-01 nan
-4.600000e-01 nan
-2.200000e-01 1.609168e-10
-5.000000e-01 nan
-1.800000e-01 2.120904e-10
-2.000000e-01 1.848061e-10
-1.000000e-01 3.683324e-10
-2.400000e-01 1.400258e-10
-1.400000e-01 2.793972e-10
-3.200000e-01 8.075603e-11
-2.600000e-01 1.221857e-10
-1.600000e-01 2.434790e-10
-6.000000e-02 4.850182e-10
-2.800000e-01 1.063950e-10
-4.400000e-01 nan
-3.000000e-01 9.269308e-11
-3.600000e-01 nan
-1.200000e-01 3.207338e-10
-4.000000e-02 5.565346e-10
-4.000000e-01 4.639573e-11
-4.200000e-01 4.049151e-11
-2.000000e-02 6.387323e-10
-8.000000e-02 nan
5901e-11
-4.600000e-01 3.071956e-11
-4.200000e-01 4.047194e-11
