-4.600000e-01 3.059751e-11
-2.800000e-01 1.058915e-10
-3.200000e-01 8.036517e-11
-4.800000e-01 2.663877e-11
-1.400000e-01 2.766255e-10
-2.600000e-01 1.214271e-10
-5.000000e-01 2.319626e-11
-2.400000e-01 1.393455e-10
-4.000000e-01 4.628098e-11
-2.200000e-01 1.598954e-10
-1.200000e-01 3.178064e-10
-3.400000e-01 6.998515e-11
-1.000000e-01 3.644976e-10
-6.000000e-02 4.794950e-10
-4.200000e-01 4.031795e-11
-2.000000e-01 1.835473e-10
-3.800000e-01 5.312612e-11
-3.600000e-01 6.096701e-11
-4.400000e-01 3.511898e-11
-4.000000e-02 5.497797e-10
-1.600000e-01 2.414809e-10
-2.000000e-02 6.307865e-10
-1.800000e-01 2.105169e-10
-3.000000e-01 9.221997e-11
-8.000000e-02 4.180994e-10
