-1.200000e-01 1.068441e-09
-1.600000e-01 8.074077e-10
-1.000000e-01 9.781578e-10
-4.600000e-01 1.045505e-10
-8.000000e-02 1.421819e-09
-3.000000e-01 3.086618e-10
-2.200000e-01 5.329985e-10
-3.600000e-01 2.004633e-10
-4.800000e-01 8.680000e-11
-1.400000e-01 9.279086e-10
-1.800000e-01 7.046979e-10
-3.400000e-01 2.307611e-10
-2.400000e-01 nan
-5.000000e-01 7.805262e-11
-2.000000e-01 6.129353e-10
-6.000000e-02 1.614240e-09
-3.800000e-01 1.780789e-10
-3.200000e-01 2.649450e-10
-2.600000e-01 4.050879e-10
-4.200000e-01 1.352183e-10
-4.000000e-01 1.539905e-10
-4.400000e-01 1.175433e-10
-2.800000e-01 3.535244e-10
-2.000000e-02 2.126373e-09
-4.000000e-02 1.861503e-09
