3.150000e-01 6.327599e-09
0.000000e+00 7.328513e-10
6.000000e-02 1.107015e-09
3.000000e-02 9.006750e-10
9.000000e-02 1.360382e-09
4.500000e-02 9.986776e-10
1.500000e-01 2.054023e-09
1.800000e-01 2.521109e-09
2.700000e-01 4.660138e-09
2.400000e-01 3.798811e-09
1.350000e-01 1.852226e-09
2.100000e-01 3.094909e-09
1.650000e-01 2.275043e-09
1.200000e-01 1.671543e-09
4.200000e-01 1.286338e-08
3.300000e-01 7.006555e-09
3.750000e-01 9.498310e-09
2.850000e-01 5.161917e-09
1.950000e-01 2.793211e-09
4.800000e-01 1.920565e-08
1.500000e-02 8.128862e-10
6.000000e-01 4.226926e-08
3.600000e-01 8.585495e-09
7.500000e-02 1.226166e-09
3.000000e-01 5.716239e-09
1.050000e-01 1.508003e-09
2.550000e-01 4.207887e-09
5.400000e-01 2.857095e-08
6.450000e-01 5.644017e-08
6.150000e-01 4.657036e-08
5.700000e-01 3.478649e-08
8.100000e-01 1.550741e-07
5.250000e-01 2.587248e-08
3.450000e-01 7.756328e-09
4.050000e-01 1.162145e-08
6.300000e-01 5.126359e-08
5.850000e-01 3.833802e-08
8.700000e-01 2.161576e-07
2.250000e-01 3.427936e-09
4.650000e-01 1.738307e-08
4.350000e-01 1.421976e-08
9.450000e-01 3.068488e-07
9.000000e-01 2.514424e-07
6.600000e-01 6.208354e-08
5.100000e-01 2.344336e-08
3.900000e-01 1.050598e-08
9.150000e-01 2.695594e-07
6.750000e-01 6.824995e-08
8.550000e-01 1.995747e-07
1.140000e+00 4.254632e-07
6.900000e-01 7.502209e-08
9.750000e-01 3.427603e-07
7.350000e-01 9.913221e-08
9.300000e-01 2.883702e-07
1.275000e+00 3.219611e-07
1.230000e+00 3.666164e-07
1.200000e+00 3.920895e-07
7.050000e-01 8.235416e-08
7.200000e-01 9.038914e-08
1.245000e+00 3.523427e-07
7.650000e-01 1.188810e-07
5.550000e-01 3.153430e-08
9.600000e-01 3.252354e-07
4.950000e-01 2.121944e-08
7.500000e-01 1.086522e-07
1.260000e+00 3.373301e-07
1.005000e+00 3.748952e-07
1.020000e+00 3.887639e-07
4.500000e-01 1.572565e-08
1.305000e+00 2.899341e-07
8.250000e-01 1.690250e-07
1.080000e+00 4.252009e-07
1.590000e+00 6.864467e-08
1.530000e+00 9.746543e-08
7.800000e-01 1.300779e-07
1.050000e+00 4.112429e-07
9.900000e-01 3.595910e-07
1.605000e+00 6.271707e-08
1.290000e+00 3.059151e-07
8.850000e-01 2.335180e-07
8.400000e-01 1.838007e-07
1.350000e+00 2.425511e-07
1.095000e+00 4.288557e-07
1.035000e+00 4.012054e-07
1.575000e+00 7.503693e-08
1.065000e+00 4.194947e-07
1.380000e+00 2.124265e-07
1.320000e+00 2.739090e-07
1.470000e+00 1.358111e-07
1.185000e+00 4.030459e-07
1.560000e+00 8.197416e-08
1.155000e+00 4.196679e-07
1.410000e+00 1.844241e-07
1.110000e+00 4.297825e-07
7.950000e-01 1.421022e-07
1.635000e+00 5.221683e-08
1.365000e+00 2.272746e-07
1.395000e+00 1.981136e-07
1.860000e+00 1.226866e-08
1.335000e+00 2.581536e-07
1.935000e+00 7.434259e-09
1.215000e+00 3.801728e-07
1.920000e+00 8.222447e-09
1.680000e+00 3.945160e-08
1.710000e+00 3.263236e-08
1.170000e+00 4.123495e-07
1.125000e+00 4.287184e-07
1.425000e+00 1.712865e-07
1.905000e+00 9.091606e-09
1.515000e+00 1.061221e-07
1.485000e+00 1.252697e-07
1.740000e+00 2.690846e-08
1.890000e+00 1.004858e-08
1.665000e+00 4.334501e-08
1.440000e+00 1.588143e-07
1.725000e+00 2.964851e-08
1.800000e+00 1.822403e-08
2.190000e+00 1.314604e-09
2.040000e+00 3.658590e-09
1.545000e+00 8.946960e-08
1.620000e+00 5.724844e-08
1.965000e+00 6.074848e-09
1.755000e+00 2.443161e-08
1.845000e+00 1.355382e-08
2.250000e+00 8.711925e-10
2.235000e+00 9.653687e-10
2.010000e+00 4.481219e-09
1.770000e+00 2.217821e-08
1.650000e+00 4.759156e-08
1.455000e+00 1.470095e-07
1.995000e+00 4.961007e-09
2.265000e+00 7.857777e-10
2.130000e+00 1.981868e-09
1.695000e+00 3.589165e-08
2.220000e+00 1.069700e-09
1.950000e+00 6.720531e-09
1.500000e+00 1.153786e-07
2.520000e+00 1.358842e-10
2.370000e+00 3.817759e-10
2.100000e+00 2.431859e-09
2.565000e+00 9.963415e-11
1.875000e+00 1.110352e-08
1.815000e+00 1.652053e-08
2.070000e+00 2.981830e-09
2.580000e+00 8.984737e-11
1.785000e+00 2.010271e-08
2.175000e+00 1.456697e-09
2.295000e+00 6.395058e-10
2.025000e+00 4.048916e-09
1.980000e+00 5.491928e-09
2.460000e+00 2.055767e-10
2.325000e+00 5.204655e-10
2.280000e+00 7.091454e-10
2.340000e+00 4.691525e-10
2.595000e+00 8.099198e-11
2.145000e+00 1.788756e-09
2.205000e+00 1.185399e-09
2.055000e+00 3.302673e-09
2.430000e+00 2.525038e-10
1.830000e+00 1.496458e-08
2.355000e+00 4.234187e-10
2.085000e+00 2.694509e-09
2.400000e+00 3.106382e-10
2.910000e+00 9.195141e-12
2.115000e+00 2.193709e-09
2.505000e+00 1.507854e-10
2.850000e+00 1.394491e-11
2.670000e+00 4.832030e-11
2.700000e+00 3.929042e-11
2.655000e+00 5.344641e-11
2.760000e+00 2.594522e-11
2.790000e+00 2.107827e-11
2.625000e+00 6.581301e-11
2.925000e+00 8.305652e-12
2.385000e+00 3.446227e-10
2.550000e+00 1.105831e-10
2.610000e+00 7.302034e-11
2.685000e+00 4.346326e-11
2.310000e+00 5.771919e-10
2.160000e+00 1.614113e-09
2.985000e+00 5.464773e-12
2.445000e+00 2.277681e-10
2.415000e+00 2.800651e-10
2.730000e+00 3.183845e-11
2.835000e+00 1.558339e-11
2.895000e+00 1.022088e-11
2.475000e+00 1.852683e-10
2.940000e+00 7.483896e-12
2.880000e+00 1.131987e-11
3.000000e+00 4.945773e-12
2.715000e+00 3.532798e-11
2.745000e+00 2.874519e-11
2.640000e+00 5.940053e-11
2.490000e+00 1.671383e-10
2.955000e+00 6.734193e-12
2.535000e+00 1.223868e-10
2.775000e+00 2.331725e-11
2.805000e+00 1.896434e-11
2.970000e+00 6.065861e-12
2.820000e+00 1.715558e-11
2.865000e+00 1.254356e-11
