-2.000000e-01 5.143978e-10
-8.000000e-02 1.178048e-09
-3.800000e-01 1.455546e-10
-3.400000e-01 1.941137e-10
-4.000000e-01 1.295784e-10
-1.600000e-01 6.742720e-10
-3.600000e-01 1.711493e-10
-4.800000e-01 7.266280e-11
-1.800000e-01 5.863410e-10
-1.400000e-01 7.780235e-10
-2.800000e-01 2.947225e-10
-4.000000e-02 1.555488e-09
-5.000000e-01 6.396397e-11
-2.200000e-01 4.490864e-10
-4.600000e-01 8.474992e-11
-6.000000e-02 1.354966e-09
-3.000000e-01 2.570935e-10
-1.200000e-01 8.960789e-10
-1.000000e-01 1.028046e-09
-2.400000e-01 3.892146e-10
-2.000000e-02 1.780389e-09
-2.600000e-01 3.375719e-10
-3.200000e-01 2.222738e-10
-4.200000e-01 1.113729e-10
-4.400000e-01 9.737230e-11
