1.650000e-01 7.203772e-11
5.325000e-01 9.210559e-10
7.750000e-02 3.973909e-11
1.825000e-01 8.079148e-11
4.800000e-01 6.367010e-10
-1.150000e-01 9.368949e-12
7.500000e-03 2.330202e-11
4.625000e-01 5.707140e-10
4.975000e-01 7.175083e-10
-2.725000e-01 1.930481e-12
4.450000e-01 5.027997e-10
-3.600000e-01 4.295587e-13
-3.950000e-01 5.076120e-13
-5.000000e-01 2.612175e-13
3.400000e-01 2.423188e-10
-4.650000e-01 2.040430e-13
-4.475000e-01 2.445336e-13
2.000000e-01 9.162100e-11
-2.375000e-01 4.381423e-12
3.225000e-01 2.158064e-10
6.000000e-02 3.427335e-11
5.150000e-01 8.146764e-10
1.475000e-01 6.331459e-11
-2.200000e-01 1.286291e-12
-4.125000e-01 6.421788e-13
-4.825000e-01 1.682501e-13
-1.500000e-01 6.198777e-12
-1.000000e-02 2.103362e-11
-3.250000e-01 1.766180e-12
3.925000e-01 3.493664e-10
-2.025000e-01 5.489895e-12
2.700000e-01 1.506481e-10
-3.425000e-01 7.496908e-13
2.500000e-02 2.740574e-11
-9.750000e-02 1.082681e-11
-4.300000e-01 7.813179e-13
-6.250000e-02 1.501185e-11
4.250000e-02 3.090547e-11
3.050000e-01 1.920213e-10
-2.900000e-01 2.999827e-12
2.875000e-01 1.687362e-10
4.275000e-01 4.431247e-10
-8.000000e-02 1.258040e-11
-1.325000e-01 9.114141e-12
3.575000e-01 2.738803e-10
1.250000e+00 1.274383e-07
3.750000e-01 3.096703e-10
4.100000e-01 3.933887e-10
2.350000e-01 1.184589e-10
1.582500e+00 3.803861e-07
6.375000e-01 1.895836e-09
1.495000e+00 3.435797e-07
6.900000e-01 2.729940e-09
5.850000e-01 1.324080e-09
9.875000e-01 2.158513e-08
9.500000e-02 4.462795e-11
1.197500e+00 9.211918e-08
6.025000e-01 1.491266e-09
-2.750000e-02 1.913229e-11
1.125000e-01 5.092028e-11
-1.850000e-01 6.195245e-12
2.525000e-01 1.323933e-10
6.550000e-01 2.141795e-09
1.390000e+00 2.532516e-07
1.477500e+00 3.311935e-07
1.127500e+00 5.764910e-08
1.530000e+00 3.637524e-07
1.407500e+00 2.700460e-07
-4.500000e-02 1.698408e-11
1.300000e-01 5.555951e-11
1.320000e+00 1.862749e-07
-1.675000e-01 6.618556e-12
8.300000e-01 7.173769e-09
1.425000e+00 2.865346e-07
7.775000e-01 4.988137e-09
1.040000e+00 3.123730e-08
6.200000e-01 1.686561e-09
1.215000e+00 1.029724e-07
1.547500e+00 3.716297e-07
8.125000e-01 6.359491e-09
1.145000e+00 6.500053e-08
7.250000e-01 3.474216e-09
1.232500e+00 1.146983e-07
1.092500e+00 4.518819e-08
7.075000e-01 3.083729e-09
1.372500e+00 2.363730e-07
9.525000e-01 1.685112e-08
1.652500e+00 3.747119e-07
-3.775000e-01 1.543905e-12
1.355000e+00 2.193647e-07
1.057500e+00 3.529834e-08
1.005000e+00 2.438460e-08
1.110000e+00 5.108194e-08
2.300000e+00 2.518627e-08
2.175000e-01 1.031029e-10
8.650000e-01 9.166104e-09
7.600000e-01 4.418515e-09
1.022500e+00 2.760534e-08
1.512500e+00 3.547336e-07
1.162500e+00 7.312325e-08
1.635000e+00 3.789527e-07
1.075000e+00 3.996992e-08
1.442500e+00 3.024348e-07
2.037500e+00 1.101790e-07
1.337500e+00 2.027511e-07
9.000000e-01 1.168326e-08
9.700000e-01 1.904506e-08
5.500000e-01 1.033899e-09
8.475000e-01 8.101180e-09
1.302500e+00 1.705393e-07
2.177500e+00 5.205245e-08
5.675000e-01 1.169427e-09
1.267500e+00 1.409066e-07
1.757500e+00 3.179338e-07
2.457500e+00 9.314329e-09
1.880000e+00 2.197430e-07
2.370000e+00 1.631533e-08
2.475000e+00 8.294400e-09
9.350000e-01 1.492954e-08
2.090000e+00 8.415821e-08
1.565000e+00 3.771443e-07
2.072500e+00 9.222032e-08
2.212500e+00 4.253501e-08
2.282500e+00 2.802698e-08
2.440000e+00 1.040841e-08
2.142500e+00 6.335731e-08
-2.550000e-01 3.861177e-12
1.600000e+00 3.821763e-07
1.670000e+00 3.687315e-07
2.055000e+00 1.009646e-07
9.175000e-01 1.319752e-08
1.915000e+00 1.919437e-07
2.160000e+00 5.746607e-08
2.632500e+00 2.928104e-09
6.725000e-01 2.415895e-09
2.247500e+00 3.457400e-08
1.775000e+00 3.049340e-07
2.265000e+00 3.114953e-08
2.527500e+00 5.895338e-09
1.180000e+00 8.215616e-08
-3.075000e-01 2.292323e-12
2.422500e+00 1.166758e-08
2.002500e+00 1.306278e-07
1.827500e+00 2.627862e-07
8.825000e-01 1.034425e-08
2.702500e+00 1.827175e-09
1.950000e+00 1.657278e-07
2.020000e+00 1.200606e-07
1.810000e+00 2.770364e-07
2.107500e+00 7.670974e-08
1.285000e+00 1.552962e-07
1.897500e+00 2.056332e-07
1.862500e+00 2.340534e-07
2.492500e+00 7.423173e-09
2.685000e+00 2.057299e-09
1.460000e+00 3.171776e-07
2.545000e+00 5.245370e-09
2.195000e+00 4.709518e-08
2.125000e+00 6.973415e-08
2.387500e+00 1.459715e-08
1.617500e+00 3.816150e-07
7.950000e-01 5.615619e-09
1.740000e+00 3.302926e-07
2.405000e+00 1.304705e-08
1.985000e+00 1.416721e-07
1.722500e+00 3.417484e-07
1.967500e+00 1.534743e-07
2.597500e+00 3.698007e-09
2.930000e+00 3.876278e-10
2.317500e+00 2.262017e-08
2.580000e+00 4.157095e-09
2.807500e+00 8.973568e-10
1.932500e+00 1.786402e-07
2.562500e+00 4.669101e-09
2.615000e+00 3.293828e-09
2.650000e+00 2.603272e-09
1.687500e+00 3.613967e-07
2.965000e+00 3.045581e-10
2.352500e+00 1.819083e-08
2.510000e+00 6.602265e-09
2.825000e+00 7.958137e-10
7.425000e-01 3.926816e-09
2.230000e+00 3.840307e-08
1.705000e+00 3.521604e-07
3.000000e+00 2.393258e-10
1.845000e+00 2.485041e-07
2.720000e+00 1.623919e-09
2.860000e+00 6.259801e-10
2.667500e+00 2.311398e-09
2.912500e+00 4.373503e-10
2.790000e+00 1.008632e-09
2.877500e+00 5.555256e-10
2.335000e+00 2.028917e-08
1.792500e+00 2.913396e-07
2.755000e+00 1.282209e-09
2.947500e+00 3.444114e-10
2.737500e+00 1.440336e-09
2.772500e+00 1.137036e-09
2.895000e+00 4.932665e-10
2.982500e+00 2.704143e-10
2.842500e+00 7.059675e-10
