-1.400000e-01 3.424705e-10
-1.800000e-01 2.715072e-10
-4.800000e-01 3.302060e-11
-4.600000e-01 3.885408e-11
-6.000000e-02 6.200085e-10
-5.000000e-01 2.843111e-11
-2.000000e-02 8.173947e-10
-2.800000e-01 1.341576e-10
-3.400000e-01 8.855908e-11
-1.200000e-01 4.111276e-10
-1.600000e-01 3.119921e-10
-2.200000e-01 2.070147e-10
-2.400000e-01 1.795059e-10
-4.200000e-01 5.139013e-11
-3.800000e-01 6.732793e-11
-3.200000e-01 1.034788e-10
-1.000000e-01 4.728041e-10
-8.000000e-02 5.419297e-10
-3.600000e-01 7.763913e-11
-2.600000e-01 1.563363e-10
-3.000000e-01 1.188755e-10
-4.000000e-02 7.154947e-10
-4.000000e-01 5.866491e-11
-2.000000e-01 2.367944e-10
-4.400000e-01 4.534326e-11
