2.850000e-01 4.935483e-09
1.050000e-01 1.476645e-09
3.150000e-01 6.016439e-09
9.000000e-02 1.333595e-09
1.500000e-01 2.001707e-09
1.650000e-01 2.215436e-09
6.000000e-02 1.088246e-09
2.700000e-01 4.471340e-09
2.100000e-01 2.996139e-09
0.000000e+00 7.228838e-10
6.150000e-01 3.848279e-08
2.550000e-01 4.046186e-09
1.950000e-01 2.710721e-09
1.350000e-01 1.809241e-09
4.500000e-02 9.816192e-10
1.800000e-01 2.448276e-09
3.000000e-01 5.452894e-09
4.950000e-01 1.897838e-08
2.400000e-01 3.663348e-09
4.350000e-01 1.305514e-08
5.400000e-01 2.493027e-08
5.850000e-01 3.246522e-08
6.450000e-01 4.539443e-08
3.900000e-01 9.801243e-09
4.650000e-01 1.577624e-08
1.200000e-01 1.634516e-09
4.800000e-01 1.730424e-08
1.500000e-02 8.006039e-10
6.300000e-01 4.182798e-08
5.250000e-01 2.279042e-08
7.650000e-01 8.177401e-08
3.750000e-01 8.899180e-09
7.500000e-02 1.204912e-09
9.450000e-01 1.409478e-07
9.150000e-01 1.337543e-07
4.200000e-01 1.187524e-08
3.300000e-01 6.639609e-09
2.250000e-01 3.313332e-09
3.000000e-02 8.869235e-10
9.750000e-01 1.458845e-07
7.200000e-01 6.661005e-08
8.550000e-01 1.145442e-07
7.950000e-01 9.264939e-08
5.100000e-01 2.081738e-08
3.450000e-01 7.323732e-09
1.095000e+00 1.396849e-07
9.600000e-01 1.437170e-07
5.700000e-01 2.976628e-08
4.500000e-01 1.435654e-08
8.700000e-01 1.198600e-07
1.275000e+00 8.159565e-08
7.500000e-01 7.657526e-08
8.100000e-01 9.817991e-08
4.050000e-01 1.079078e-08
3.600000e-01 8.070066e-09
1.290000e+00 7.649969e-08
9.000000e-01 1.294476e-07
1.185000e+00 1.133448e-07
1.425000e+00 3.909386e-08
8.250000e-01 1.037187e-07
6.000000e-01 3.538091e-08
1.080000e+00 1.426227e-07
7.050000e-01 6.193766e-08
1.050000e+00 1.468035e-07
1.140000e+00 1.280241e-07
1.305000e+00 7.158064e-08
6.750000e-01 5.318550e-08
5.550000e-01 2.725883e-08
6.900000e-01 5.748063e-08
7.800000e-01 8.718113e-08
1.200000e+00 1.081395e-07
6.600000e-01 4.917150e-08
1.245000e+00 9.209949e-08
8.400000e-01 1.091907e-07
1.125000e+00 1.323718e-07
1.035000e+00 1.479559e-07
1.605000e+00 1.346424e-08
1.470000e+00 3.038503e-08
8.850000e-01 1.248317e-07
9.300000e-01 1.375940e-07
1.380000e+00 4.969980e-08
9.900000e-01 1.474440e-07
1.515000e+00 2.335439e-08
1.410000e+00 4.241303e-08
1.170000e+00 1.184670e-07
7.350000e-01 7.148471e-08
1.620000e+00 1.225660e-08
1.110000e+00 1.361739e-07
1.020000e+00 1.484643e-07
1.530000e+00 2.134494e-08
1.575000e+00 1.622898e-08
1.635000e+00 1.114375e-08
1.455000e+00 3.308377e-08
1.230000e+00 9.741725e-08
1.440000e+00 3.598281e-08
1.260000e+00 8.680047e-08
1.215000e+00 1.028197e-07
1.365000e+00 5.366967e-08
1.935000e+00 1.537731e-09
1.740000e+00 5.652571e-09
1.005000e+00 1.483012e-07
1.800000e+00 3.804378e-09
1.500000e+00 2.549020e-08
1.350000e+00 5.784184e-08
1.155000e+00 1.233299e-07
1.965000e+00 1.254554e-09
1.755000e+00 5.122669e-09
1.560000e+00 1.779756e-08
1.860000e+00 2.548373e-09
1.770000e+00 4.641011e-09
1.320000e+00 6.681530e-08
1.590000e+00 1.478324e-08
1.335000e+00 6.224366e-08
1.950000e+00 1.388733e-09
1.785000e+00 4.200749e-09
2.130000e+00 4.075385e-10
1.065000e+00 1.449794e-07
1.485000e+00 2.785552e-08
1.680000e+00 8.351496e-09
1.695000e+00 7.580035e-09
1.545000e+00 1.950256e-08
2.070000e+00 6.136991e-10
1.830000e+00 3.115487e-09
1.845000e+00 2.817905e-09
1.650000e+00 1.012752e-08
2.265000e+00 1.611902e-10
2.190000e+00 2.698244e-10
2.295000e+00 1.311532e-10
1.395000e+00 4.592512e-08
1.905000e+00 1.883018e-09
2.100000e+00 4.997023e-10
2.460000e+00 4.207065e-11
2.115000e+00 4.513387e-10
1.710000e+00 6.876355e-09
2.085000e+00 5.535095e-10
1.980000e+00 1.134068e-09
1.815000e+00 3.443404e-09
1.665000e+00 9.199848e-09
1.890000e+00 2.083473e-09
2.280000e+00 1.453332e-10
2.160000e+00 3.315276e-10
2.400000e+00 6.362756e-11
1.920000e+00 1.700808e-09
2.175000e+00 2.991061e-10
2.010000e+00 9.241180e-10
2.025000e+00 8.344325e-10
1.725000e+00 6.243941e-09
2.625000e+00 1.346650e-11
2.430000e+00 5.176626e-11
2.520000e+00 2.782811e-11
1.875000e+00 2.303476e-09
2.490000e+00 3.420410e-11
2.445000e+00 4.666482e-11
2.040000e+00 7.533601e-10
2.595000e+00 1.657952e-11
2.415000e+00 5.735746e-11
2.220000e+00 2.194732e-10
2.145000e+00 3.673108e-10
2.955000e+00 1.345986e-12
2.250000e+00 1.787153e-10
2.610000e+00 1.498735e-11
1.995000e+00 1.023269e-09
2.340000e+00 9.616444e-11
2.355000e+00 8.675147e-11
2.055000e+00 6.802713e-10
2.850000e+00 2.849402e-12
2.235000e+00 1.981124e-10
2.790000e+00 4.316619e-12
2.505000e+00 3.086591e-11
2.730000e+00 6.536339e-12
2.205000e+00 2.435148e-10
2.820000e+00 3.490161e-12
2.775000e+00 4.772576e-12
2.745000e+00 5.882596e-12
2.940000e+00 1.524070e-12
2.580000e+00 1.837699e-11
2.550000e+00 2.261130e-11
2.325000e+00 1.067033e-10
2.760000e+00 5.280848e-12
2.310000e+00 1.183415e-10
2.835000e+00 3.151325e-12
2.670000e+00 9.868113e-12
2.685000e+00 8.916968e-12
2.535000e+00 2.503497e-11
2.565000e+00 2.040546e-11
2.475000e+00 3.796688e-11
2.385000e+00 7.057523e-11
2.655000e+00 1.095907e-11
2.925000e+00 1.696050e-12
2.370000e+00 7.820060e-11
2.910000e+00 1.881888e-12
2.640000e+00 1.214563e-11
3.000000e+00 1.007812e-12
2.880000e+00 2.315227e-12
2.895000e+00 2.086498e-12
2.985000e+00 1.106729e-12
2.805000e+00 3.893913e-12
2.865000e+00 2.573200e-12
2.700000e+00 8.036078e-12
2.715000e+00 7.221108e-12
2.970000e+00 1.241333e-12
