5.400000e-01 3.863721e-08
3.300000e-01 9.076650e-09
3.150000e-01 8.213818e-09
7.650000e-01 1.898610e-07
5.850000e-01 5.261356e-08
8.850000e-01 4.807880e-07
8.100000e-01 2.677289e-07
1.200000e-01 2.149233e-09
3.000000e-02 1.157541e-09
3.000000e-01 7.424950e-09
2.250000e-01 4.430397e-09
2.100000e-01 3.998388e-09
4.650000e-01 2.304886e-08
5.100000e-01 3.143385e-08
4.050000e-01 1.528847e-08
3.750000e-01 1.241890e-08
4.950000e-01 2.832984e-08
6.900000e-01 1.101736e-07
6.300000e-01 7.208615e-08
7.500000e-01 1.702536e-07
8.550000e-01 3.807382e-07
6.000000e-02 1.424157e-09
1.500000e-01 2.646762e-09
4.200000e-01 1.690900e-08
1.500000e-02 1.046008e-09
0.000000e+00 9.407381e-10
4.350000e-01 1.875289e-08
2.550000e-01 5.448164e-09
5.250000e-01 3.484687e-08
7.350000e-01 1.525363e-07
7.950000e-01 2.387815e-07
8.700000e-01 4.280127e-07
4.500000e-02 1.284957e-09
1.350000e-01 2.390239e-09
1.050000e-01 1.938103e-09
2.700000e-01 6.029834e-09
6.450000e-01 8.013053e-08
5.550000e-01 4.280764e-08
6.000000e-01 5.852791e-08
4.800000e-01 2.552468e-08
7.050000e-01 1.226636e-07
7.800000e-01 2.130883e-07
7.200000e-01 1.366124e-07
1.950000e-01 3.610472e-09
2.850000e-01 6.699162e-09
2.400000e-01 4.916835e-09
9.000000e-02 1.751652e-09
3.450000e-01 1.011443e-08
3.600000e-01 1.120963e-08
5.700000e-01 4.751226e-08
3.900000e-01 1.377287e-08
6.150000e-01 6.492028e-08
8.400000e-01 3.382669e-07
1.125000e+00 1.736698e-06
1.440000e+00 9.946753e-07
1.230000e+00 1.824539e-06
6.750000e-01 9.873806e-08
7.500000e-02 1.578179e-09
1.650000e-01 2.937219e-09
6.600000e-01 8.905253e-08
8.250000e-01 3.012146e-07
1.275000e+00 1.712303e-06
1.215000e+00 1.844105e-06
1.395000e+00 1.199189e-06
1.590000e+00 4.636197e-07
1.410000e+00 1.132539e-06
4.500000e-01 2.077641e-08
1.755000e+00 1.719831e-07
9.600000e-01 8.330852e-07
1.665000e+00 2.995062e-07
1.170000e+00 1.839308e-06
1.800000e-01 3.250771e-09
1.050000e+00 1.374812e-06
1.020000e+00 1.193366e-06
1.335000e+00 1.476107e-06
1.530000e+00 6.422402e-07
9.450000e-01 7.518130e-07
1.035000e+00 1.285268e-06
9.000000e-01 5.398377e-07
9.300000e-01 6.752731e-07
1.320000e+00 1.542192e-06
1.500000e+00 7.494865e-07
1.455000e+00 9.296601e-07
1.605000e+00 4.257577e-07
1.680000e+00 2.734396e-07
1.365000e+00 1.340218e-06
1.110000e+00 1.680522e-06
1.785000e+00 1.422462e-07
1.485000e+00 8.069866e-07
1.185000e+00 1.852320e-06
1.710000e+00 2.277599e-07
1.695000e+00 2.498001e-07
1.200000e+00 1.854217e-06
1.380000e+00 1.269673e-06
1.305000e+00 1.603327e-06
1.425000e+00 1.061800e-06
2.490000e+00 9.346606e-10
1.650000e+00 3.274796e-07
1.140000e+00 1.782121e-06
2.130000e+00 1.437080e-08
1.245000e+00 1.794636e-06
1.260000e+00 1.757741e-06
9.150000e-01 6.044276e-07
1.470000e+00 8.673120e-07
9.900000e-01 1.008924e-06
1.725000e+00 2.075170e-07
1.620000e+00 3.904629e-07
1.740000e+00 1.889320e-07
9.750000e-01 9.190681e-07
2.655000e+00 3.005314e-10
1.005000e+00 1.100479e-06
2.070000e+00 2.156156e-08
1.545000e+00 5.934541e-07
1.155000e+00 1.817186e-06
1.635000e+00 3.578529e-07
1.095000e+00 1.615844e-06
2.115000e+00 1.590998e-08
1.290000e+00 1.660313e-06
1.515000e+00 6.945286e-07
1.950000e+00 4.834875e-08
1.830000e+00 1.065165e-07
2.625000e+00 4.303949e-25
1.935000e+00 5.342294e-08
2.565000e+00 7.269246e-10
1.800000e+00 1.292154e-07
1.560000e+00 5.473456e-07
1.065000e+00 1.461064e-06
1.860000e+00 8.756479e-08
2.340000e+00 3.421638e-09
2.265000e+00 5.713240e-09
1.575000e+00 5.041170e-07
1.350000e+00 1.409150e-06
2.040000e+00 2.641157e-08
1.845000e+00 9.661657e-08
2.505000e+00 1.097083e-09
2.400000e+00 2.261787e-09
2.610000e+00 1.229311e-10
2.235000e+00 7.021713e-09
1.890000e+00 7.197135e-08
2.100000e+00 1.767077e-08
2.445000e+00 1.278943e-09
2.010000e+00 3.236575e-08
2.220000e+00 7.731201e-09
2.295000e+00 4.649593e-09
2.595000e+00 5.919805e-10
2.580000e+00 5.043773e-10
1.080000e+00 1.542717e-06
2.145000e+00 1.296932e-08
1.920000e+00 5.897995e-08
2.205000e+00 8.615428e-09
2.175000e+00 1.057465e-08
1.770000e+00 1.564346e-07
2.385000e+00 2.511764e-09
2.430000e+00 1.843733e-09
2.550000e+00 8.048620e-10
2.025000e+00 2.925559e-08
2.700000e+00 2.184879e-10
1.905000e+00 6.517535e-08
2.460000e+00 1.139324e-09
1.815000e+00 1.172675e-07
2.355000e+00 3.087818e-09
2.370000e+00 2.778293e-09
2.520000e+00 9.893080e-10
2.940000e+00 4.210216e-11
1.995000e+00 3.580697e-08
2.310000e+00 4.203906e-09
1.875000e+00 7.937258e-08
2.160000e+00 1.170873e-08
2.745000e+00 1.615968e-10
2.415000e+00 2.038525e-09
2.685000e+00 3.180478e-10
2.640000e+00 4.330880e-10
2.055000e+00 2.388471e-08
2.535000e+00 8.926971e-10
3.000000e+00 2.744642e-11
2.835000e+00 1.128839e-10
2.325000e+00 3.789620e-09
2.280000e+00 5.164084e-09
2.730000e+00 2.333306e-10
2.820000e+00 9.532091e-11
2.190000e+00 9.553335e-09
1.965000e+00 4.371045e-08
2.760000e+00 1.457215e-10
2.250000e+00 6.342626e-09
2.850000e+00 1.012592e-10
2.805000e+00 1.072451e-10
2.085000e+00 1.951016e-08
1.980000e+00 3.955691e-08
2.790000e+00 1.538651e-10
2.475000e+00 1.351301e-09
2.895000e+00 7.378235e-11
2.970000e+00 4.429489e-11
2.715000e+00 2.570202e-10
2.775000e+00 1.317401e-10
2.865000e+00 9.097479e-11
2.925000e+00 6.035531e-11
2.955000e+00 4.758690e-11
2.910000e+00 6.709747e-11
2.670000e+00 3.517210e-10
2.985000e+00 4.002110e-11
2.880000e+00 8.148432e-11
