3.450000e-01 2.316533e-02
4.050000e-01 2.298218e-02
6.150000e-01 2.551370e-02
5.850000e-01 2.454764e-02
3.750000e-01 2.305884e-02
6.300000e-01 2.596052e-02
5.250000e-01 2.357112e-02
6.000000e-01 2.505538e-02
0.000000e+00 2.413473e-02
8.850000e-01 4.367621e-02
3.000000e-02 2.405021e-02
7.800000e-01 3.415148e-02
8.700000e-01 4.219917e-02
4.200000e-01 2.298005e-02
7.200000e-01 3.008012e-02
6.000000e-02 2.403945e-02
6.750000e-01 2.775422e-02
4.800000e-01 2.317902e-02
5.400000e-01 2.380404e-02
9.000000e-02 2.404754e-02
4.350000e-01 2.301116e-02
3.150000e-01 2.324349e-02
5.700000e-01 2.437132e-02
2.700000e-01 2.352399e-02
8.250000e-01 3.793987e-02
8.100000e-01 3.657504e-02
7.650000e-01 3.298002e-02
6.600000e-01 2.708000e-02
2.400000e-01 2.361578e-02
4.500000e-02 2.391232e-02
1.500000e-01 2.392545e-02
2.850000e-01 2.339571e-02
1.800000e-01 2.385631e-02
1.650000e-01 2.390011e-02
6.900000e-01 2.844689e-02
1.950000e-01 2.381812e-02
1.350000e-01 2.398072e-02
8.550000e-01 4.074326e-02
5.550000e-01 2.405650e-02
3.000000e-01 2.338788e-02
7.350000e-01 3.098708e-02
3.300000e-01 2.318242e-02
6.450000e-01 2.649842e-02
2.100000e-01 2.371144e-02
3.600000e-01 2.311078e-02
1.305000e+00 2.951802e-02
5.100000e-01 2.342789e-02
1.200000e-01 2.395732e-02
1.485000e+00 1.500268e-02
1.500000e-02 2.416614e-02
7.500000e-02 2.405584e-02
8.400000e-01 3.931955e-02
1.245000e+00 3.635551e-02
1.500000e+00 1.422337e-02
4.650000e-01 2.309676e-02
1.515000e+00 1.348634e-02
3.900000e-01 2.302307e-02
1.170000e+00 4.500992e-02
1.320000e+00 2.793602e-02
1.620000e+00 9.602120e-03
1.785000e+00 6.298419e-03
1.050000e+00 5.297170e-02
2.250000e-01 2.363678e-02
1.215000e+00 3.989721e-02
2.550000e-01 2.353914e-02
1.590000e+00 1.052098e-02
9.450000e-01 4.907878e-02
7.500000e-01 3.194864e-02
1.380000e+00 2.224291e-02
1.275000e+00 3.286714e-02
1.050000e-01 2.390900e-02
7.950000e-01 3.532286e-02
4.500000e-01 2.302498e-02
9.000000e-01 4.507820e-02
1.545000e+00 1.216632e-02
1.680000e+00 8.109118e-03
1.710000e+00 7.505757e-03
1.140000e+00 4.797095e-02
1.335000e+00 2.639352e-02
1.455000e+00 1.673872e-02
1.755000e+00 6.734326e-03
9.300000e-01 4.790079e-02
9.900000e-01 5.191028e-02
2.205000e+00 3.389562e-03
1.665000e+00 8.449157e-03
1.560000e+00 1.158059e-02
1.200000e+00 4.164727e-02
1.470000e+00 1.584120e-02
2.145000e+00 3.598328e-03
1.440000e+00 1.771571e-02
1.260000e+00 3.461229e-02
1.410000e+00 1.982719e-02
2.070000e+00 3.915739e-03
4.950000e-01 2.328553e-02
1.080000e+00 5.207262e-02
1.035000e+00 5.300272e-02
1.185000e+00 4.335625e-02
1.770000e+00 6.506169e-03
1.065000e+00 5.262293e-02
1.740000e+00 6.972393e-03
1.425000e+00 1.873462e-02
2.415000e+00 2.943441e-03
9.750000e-01 5.113485e-02
1.230000e+00 3.817237e-02
9.150000e-01 4.647749e-02
1.845000e+00 5.569707e-03
1.005000e+00 5.249338e-02
2.385000e+00 2.984601e-03
1.095000e+00 5.134288e-02
1.110000e+00 5.036678e-02
1.725000e+00 7.230964e-03
2.520000e+00 2.813756e-03
7.050000e-01 2.922655e-02
9.600000e-01 5.016420e-02
1.530000e+00 1.280228e-02
2.235000e+00 3.304802e-03
1.950000e+00 4.630097e-03
1.020000e+00 5.287505e-02
1.290000e+00 3.116921e-02
2.220000e+00 3.344511e-03
1.575000e+00 1.102886e-02
1.365000e+00 2.356469e-02
2.115000e+00 3.710954e-03
1.350000e+00 2.494890e-02
2.685000e+00 2.630129e-03
1.695000e+00 7.796712e-03
2.355000e+00 3.034451e-03
1.155000e+00 4.653520e-02
1.980000e+00 4.428601e-03
1.830000e+00 5.736587e-03
2.280000e+00 3.191049e-03
1.800000e+00 6.100815e-03
1.875000e+00 5.258542e-03
2.610000e+00 2.737741e-03
2.400000e+00 2.964326e-03
2.490000e+00 2.842864e-03
1.650000e+00 8.804404e-03
2.655000e+00 2.712953e-03
2.565000e+00 2.776498e-03
1.395000e+00 2.100314e-02
2.640000e+00 2.715236e-03
2.040000e+00 4.071362e-03
1.815000e+00 5.909872e-03
1.890000e+00 5.128710e-03
2.160000e+00 3.540542e-03
1.935000e+00 4.748915e-03
1.605000e+00 1.004491e-02
2.310000e+00 3.119697e-03
2.445000e+00 2.896674e-03
2.340000e+00 3.066877e-03
1.860000e+00 5.410464e-03
2.325000e+00 3.091703e-03
2.100000e+00 3.776940e-03
2.460000e+00 2.878510e-03
1.905000e+00 4.994893e-03
2.085000e+00 3.844862e-03
1.965000e+00 4.527308e-03
2.175000e+00 3.486188e-03
1.635000e+00 9.187445e-03
2.670000e+00 2.710853e-03
2.625000e+00 2.728635e-03
2.745000e+00 2.665260e-03
2.430000e+00 2.918479e-03
1.125000e+00 4.924524e-02
1.995000e+00 4.333468e-03
2.265000e+00 3.219198e-03
2.580000e+00 2.765926e-03
2.010000e+00 4.239319e-03
2.475000e+00 2.867435e-03
2.970000e+00 2.609897e-03
2.130000e+00 3.650704e-03
1.920000e+00 4.865247e-03
2.190000e+00 3.441345e-03
2.730000e+00 2.677075e-03
2.370000e+00 3.008275e-03
2.700000e+00 2.692312e-03
2.850000e+00 2.645232e-03
2.880000e+00 3.118909e-03
2.835000e+00 2.631753e-03
2.055000e+00 3.991063e-03
2.715000e+00 2.681161e-03
2.595000e+00 2.750327e-03
2.505000e+00 2.830970e-03
2.790000e+00 2.659509e-03
2.775000e+00 2.689611e-03
2.250000e+00 3.262212e-03
2.550000e+00 2.787509e-03
2.295000e+00 3.156473e-03
2.535000e+00 2.837259e-03
2.760000e+00 2.664189e-03
2.865000e+00 2.621830e-03
2.805000e+00 2.641315e-03
2.940000e+00 2.618650e-03
2.910000e+00 2.636612e-03
2.895000e+00 2.627801e-03
2.820000e+00 2.643007e-03
2.025000e+00 4.152608e-03
2.985000e+00 2.610164e-03
2.955000e+00 2.618864e-03
3.000000e+00 2.613437e-03
2.925000e+00 2.628557e-03
