3.000000e-01 6.845036e-01
2.550000e-01 6.868822e-01
2.400000e-01 6.860911e-01
1.500000e-01 6.892546e-01
0.000000e+00 6.880656e-01
1.500000e-02 6.946248e-01
1.650000e-01 6.877251e-01
1.200000e-01 7.026898e-01
9.000000e-02 6.903771e-01
7.500000e-02 6.896214e-01
6.000000e-02 6.900704e-01
3.000000e-02 6.918011e-01
4.500000e-02 6.912516e-01
2.100000e-01 6.875991e-01
1.800000e-01 6.878450e-01
3.150000e-01 6.839338e-01
2.250000e-01 6.872347e-01
1.350000e-01 6.886460e-01
2.850000e-01 6.851388e-01
2.700000e-01 6.845922e-01
1.050000e-01 6.871701e-01
6.000000e-01 6.136687e-01
1.950000e-01 6.880464e-01
5.100000e-01 6.529611e-01
5.850000e-01 6.205807e-01
4.950000e-01 6.569644e-01
4.350000e-01 6.709721e-01
4.050000e-01 6.762526e-01
3.600000e-01 6.808076e-01
3.300000e-01 6.828663e-01
3.450000e-01 6.814817e-01
5.250000e-01 6.469974e-01
3.900000e-01 6.778862e-01
3.750000e-01 6.786752e-01
6.300000e-01 5.988453e-01
5.550000e-01 6.341593e-01
4.200000e-01 6.741037e-01
6.450000e-01 5.931370e-01
9.300000e-01 7.175843e-01
5.700000e-01 6.281352e-01
6.600000e-01 5.870900e-01
4.650000e-01 6.657315e-01
6.150000e-01 6.058935e-01
4.500000e-01 6.683974e-01
7.800000e-01 5.919845e-01
9.450000e-01 7.316193e-01
8.550000e-01 6.447964e-01
6.750000e-01 5.825634e-01
5.400000e-01 6.415485e-01
4.800000e-01 6.616448e-01
7.050000e-01 5.798255e-01
8.400000e-01 6.317247e-01
7.500000e-01 5.812573e-01
1.275000e+00 7.810615e-01
7.350000e-01 5.782494e-01
9.750000e-01 7.580479e-01
7.200000e-01 5.768508e-01
7.650000e-01 5.854915e-01
6.900000e-01 5.795067e-01
8.700000e-01 6.586410e-01
9.150000e-01 7.027444e-01
9.000000e-01 6.877481e-01
1.005000e+00 7.804756e-01
1.290000e+00 7.704620e-01
1.050000e+00 8.057398e-01
1.020000e+00 7.899923e-01
8.100000e-01 6.088025e-01
1.200000e+00 8.167929e-01
8.850000e-01 6.730600e-01
1.125000e+00 8.249208e-01
9.900000e-01 7.696955e-01
1.185000e+00 8.205589e-01
8.250000e-01 6.194979e-01
1.065000e+00 8.118002e-01
9.600000e-01 7.453491e-01
1.320000e+00 7.464103e-01
1.110000e+00 8.232189e-01
1.095000e+00 8.205360e-01
1.620000e+00 4.040210e-01
7.950000e-01 5.994195e-01
1.155000e+00 8.248403e-01
1.035000e+00 7.984383e-01
1.350000e+00 7.185189e-01
1.245000e+00 7.985813e-01
1.635000e+00 3.861653e-01
1.215000e+00 8.117382e-01
1.170000e+00 8.232521e-01
1.080000e+00 8.167403e-01
1.545000e+00 4.943588e-01
1.230000e+00 8.058037e-01
1.530000e+00 5.126244e-01
1.395000e+00 6.715125e-01
1.440000e+00 6.199891e-01
1.470000e+00 5.846481e-01
1.365000e+00 7.036317e-01
1.335000e+00 7.329083e-01
1.665000e+00 3.503238e-01
1.305000e+00 7.589323e-01
1.410000e+00 6.549186e-01
1.455000e+00 6.023748e-01
1.260000e+00 7.903321e-01
1.515000e+00 5.305963e-01
1.590000e+00 4.403337e-01
1.965000e+00 8.176868e-02
1.980000e+00 7.531209e-02
1.500000e+00 5.486173e-01
1.140000e+00 8.254403e-01
1.425000e+00 6.376927e-01
1.890000e+00 1.243568e-01
1.380000e+00 6.877607e-01
1.695000e+00 3.150880e-01
1.785000e+00 2.151165e-01
1.755000e+00 2.470262e-01
1.815000e+00 1.856518e-01
1.875000e+00 1.349729e-01
1.680000e+00 3.324326e-01
1.650000e+00 3.683595e-01
1.935000e+00 9.669826e-02
1.740000e+00 2.635517e-01
2.310000e+00 2.052662e-02
1.710000e+00 2.976441e-01
1.560000e+00 4.762736e-01
1.860000e+00 1.466310e-01
1.575000e+00 4.584004e-01
1.800000e+00 2.001350e-01
2.100000e+00 4.143402e-02
1.770000e+00 2.307718e-01
1.485000e+00 5.667264e-01
1.845000e+00 1.588306e-01
2.325000e+00 1.979536e-02
2.160000e+00 3.238343e-02
1.725000e+00 2.802965e-01
2.010000e+00 6.421310e-02
2.130000e+00 3.651871e-02
2.025000e+00 5.943150e-02
1.605000e+00 4.224616e-01
2.235000e+00 2.515725e-02
2.280000e+00 2.214722e-02
1.905000e+00 1.143726e-01
1.920000e+00 1.051909e-01
2.085000e+00 4.437295e-02
2.655000e+00 1.174227e-02
2.220000e+00 2.632655e-02
2.040000e+00 5.501096e-02
2.145000e+00 3.430293e-02
2.055000e+00 5.111391e-02
1.830000e+00 1.719106e-01
1.995000e+00 6.945912e-02
2.115000e+00 3.889393e-02
2.370000e+00 1.795668e-02
2.670000e+00 1.157157e-02
1.950000e+00 8.886291e-02
2.475000e+00 1.485674e-02
2.265000e+00 2.302728e-02
2.190000e+00 2.910703e-02
2.445000e+00 1.562534e-02
2.355000e+00 1.852125e-02
2.505000e+00 1.418757e-02
2.250000e+00 2.398412e-02
2.580000e+00 1.279858e-02
2.385000e+00 1.747196e-02
2.430000e+00 1.600817e-02
2.490000e+00 1.451944e-02
2.070000e+00 4.760444e-02
2.625000e+00 1.197370e-02
2.205000e+00 2.765362e-02
3.000000e+00 9.226326e-03
2.400000e+00 1.692623e-02
2.565000e+00 1.305406e-02
2.175000e+00 3.068024e-02
2.790000e+00 1.032037e-02
2.700000e+00 1.121075e-02
2.295000e+00 2.127299e-02
2.850000e+00 1.005744e-02
2.460000e+00 1.521835e-02
2.610000e+00 1.235164e-02
2.535000e+00 1.360106e-02
2.730000e+00 1.091483e-02
2.340000e+00 1.912552e-02
2.820000e+00 1.023143e-02
