4.950000e-01 7.446095e-02
7.650000e-01 7.474916e-02
1.050000e-01 7.954037e-02
2.850000e-01 7.746328e-02
5.400000e-01 7.392128e-02
3.450000e-01 7.668532e-02
1.650000e-01 7.895982e-02
6.150000e-01 7.340926e-02
3.900000e-01 7.608525e-02
6.300000e-01 7.337694e-02
4.650000e-01 7.479853e-02
6.000000e-02 7.961255e-02
1.500000e-01 7.899116e-02
5.250000e-01 7.408632e-02
5.850000e-01 7.357551e-02
3.750000e-01 7.621062e-02
7.500000e-01 7.454383e-02
3.150000e-01 7.710403e-02
9.000000e-02 7.977589e-02
7.200000e-01 7.416643e-02
4.500000e-01 7.501058e-02
7.950000e-01 7.506406e-02
4.350000e-01 7.536908e-02
4.800000e-01 7.471491e-02
2.700000e-01 7.772681e-02
1.350000e-01 7.920448e-02
6.750000e-01 7.368997e-02
6.450000e-01 7.353102e-02
0.000000e+00 8.002825e-02
2.400000e-01 7.816921e-02
2.100000e-01 7.847416e-02
6.900000e-01 7.391103e-02
7.800000e-01 7.493813e-02
1.800000e-01 7.877313e-02
8.550000e-01 7.508824e-02
5.700000e-01 7.361437e-02
8.700000e-01 7.490982e-02
2.550000e-01 7.793768e-02
8.850000e-01 7.454300e-02
5.550000e-01 7.382754e-02
4.500000e-02 7.987421e-02
4.050000e-01 7.578028e-02
1.200000e-01 7.928295e-02
4.200000e-01 7.549399e-02
1.950000e-01 7.882490e-02
3.000000e-01 7.743466e-02
7.050000e-01 7.398831e-02
8.100000e-01 7.518193e-02
3.300000e-01 7.691009e-02
7.350000e-01 7.431553e-02
1.515000e+00 8.166564e-03
5.100000e-01 7.422263e-02
6.600000e-01 7.350995e-02
3.600000e-01 7.639463e-02
1.500000e-02 8.013162e-02
1.065000e+00 5.762587e-02
8.250000e-01 7.525372e-02
9.600000e-01 7.036864e-02
1.620000e+00 5.432140e-03
1.365000e+00 1.627965e-02
1.035000e+00 6.194283e-02
1.185000e+00 3.805408e-02
1.215000e+00 3.342397e-02
7.500000e-02 7.986030e-02
8.400000e-01 7.520583e-02
1.290000e+00 2.352100e-02
1.050000e+00 5.984443e-02
1.335000e+00 1.887678e-02
1.485000e+00 9.288804e-03
1.530000e+00 7.668895e-03
9.900000e-01 6.746243e-02
1.440000e+00 1.136708e-02
1.455000e+00 1.061388e-02
1.575000e+00 6.410451e-03
2.250000e-01 7.834523e-02
3.000000e-02 7.990955e-02
1.545000e+00 7.222699e-03
1.005000e+00 6.579450e-02
1.470000e+00 9.931442e-03
1.650000e+00 4.891113e-03
1.410000e+00 1.309999e-02
1.395000e+00 1.407406e-02
1.380000e+00 1.512479e-02
1.245000e+00 2.915072e-02
1.785000e+00 3.252844e-03
1.665000e+00 4.651226e-03
1.755000e+00 3.530393e-03
1.605000e+00 5.733763e-03
1.140000e+00 4.539600e-02
1.320000e+00 2.030683e-02
9.150000e-01 7.340334e-02
1.695000e+00 4.220776e-03
1.965000e+00 2.173091e-03
1.770000e+00 3.385497e-03
9.750000e-01 6.908632e-02
2.415000e+00 1.299117e-03
1.095000e+00 5.287776e-02
6.000000e-01 7.347286e-02
9.000000e-01 7.402165e-02
1.170000e+00 4.048953e-02
1.590000e+00 6.051519e-03
1.155000e+00 4.297466e-02
1.560000e+00 6.796513e-03
1.260000e+00 2.717522e-02
1.680000e+00 4.427935e-03
1.860000e+00 2.703235e-03
1.305000e+00 2.187028e-02
1.275000e+00 2.532278e-02
9.300000e-01 7.262825e-02
2.235000e+00 1.496221e-03
1.020000e+00 6.393987e-02
1.890000e+00 2.526797e-03
2.085000e+00 1.790588e-03
1.635000e+00 5.146078e-03
9.450000e-01 7.160988e-02
1.935000e+00 2.304979e-03
1.350000e+00 1.751229e-02
1.425000e+00 1.219543e-02
1.125000e+00 4.793064e-02
1.200000e+00 3.573196e-02
1.950000e+00 2.238152e-03
1.725000e+00 3.850984e-03
1.710000e+00 4.029682e-03
2.370000e+00 1.338027e-03
2.190000e+00 1.569412e-03
2.055000e+00 1.869362e-03
1.110000e+00 5.039077e-02
2.040000e+00 1.916033e-03
1.995000e+00 2.058313e-03
2.475000e+00 1.256912e-03
2.565000e+00 1.216259e-03
2.070000e+00 1.828612e-03
2.385000e+00 1.324767e-03
2.265000e+00 1.453876e-03
1.905000e+00 2.448783e-03
2.310000e+00 1.404098e-03
2.445000e+00 1.278040e-03
2.430000e+00 1.293227e-03
2.520000e+00 1.231488e-03
2.655000e+00 1.176274e-03
2.355000e+00 1.353203e-03
1.740000e+00 3.682396e-03
2.295000e+00 1.416178e-03
2.145000e+00 1.653952e-03
1.230000e+00 3.127138e-02
1.800000e+00 3.129168e-03
2.550000e+00 1.218230e-03
2.505000e+00 1.240655e-03
1.830000e+00 2.902465e-03
2.115000e+00 1.717315e-03
1.815000e+00 3.009266e-03
2.340000e+00 1.368972e-03
1.080000e+00 5.526637e-02
1.920000e+00 2.374686e-03
2.205000e+00 1.545008e-03
2.490000e+00 1.247422e-03
1.500000e+00 8.703363e-03
2.175000e+00 1.596768e-03
2.325000e+00 1.381669e-03
2.535000e+00 1.224839e-03
2.835000e+00 1.132732e-03
1.875000e+00 2.613749e-03
2.685000e+00 1.168816e-03
2.460000e+00 1.264896e-03
2.280000e+00 1.433807e-03
2.595000e+00 1.198203e-03
2.580000e+00 1.206354e-03
2.790000e+00 1.141256e-03
2.220000e+00 1.518291e-03
2.850000e+00 1.138276e-03
2.625000e+00 1.186832e-03
2.670000e+00 1.166883e-03
2.100000e+00 1.751469e-03
2.160000e+00 1.624825e-03
2.250000e+00 1.475558e-03
2.865000e+00 1.135944e-03
1.845000e+00 2.798749e-03
2.970000e+00 1.136883e-03
2.955000e+00 1.114921e-03
2.985000e+00 1.106345e-03
2.610000e+00 1.193218e-03
2.025000e+00 1.957677e-03
2.940000e+00 1.131910e-03
2.760000e+00 1.149328e-03
2.130000e+00 1.684741e-03
2.895000e+00 1.128970e-03
2.010000e+00 2.008486e-03
2.700000e+00 1.162916e-03
1.980000e+00 2.115611e-03
2.715000e+00 1.158487e-03
2.640000e+00 1.179364e-03
2.775000e+00 1.148452e-03
2.820000e+00 1.137019e-03
2.805000e+00 1.143679e-03
2.400000e+00 1.311680e-03
2.730000e+00 1.154273e-03
2.745000e+00 1.153218e-03
3.000000e+00 1.119968e-03
2.910000e+00 1.124881e-03
2.880000e+00 1.134442e-03
2.925000e+00 1.127068e-03
