2.850000e-01 1.667306e-02
7.050000e-01 3.476610e-02
7.950000e-01 5.482424e-02
4.350000e-01 1.806579e-02
1.500000e-01 1.634423e-02
5.400000e-01 2.102787e-02
6.450000e-01 2.769032e-02
6.150000e-01 2.522204e-02
7.500000e-01 4.283512e-02
1.200000e-01 1.614330e-02
3.450000e-01 1.691548e-02
1.950000e-01 1.628004e-02
3.600000e-01 1.709285e-02
4.200000e-01 1.774455e-02
1.800000e-01 1.630329e-02
2.400000e-01 1.644245e-02
6.600000e-01 2.916826e-02
6.750000e-01 3.081834e-02
8.250000e-01 6.591766e-02
6.900000e-01 3.264706e-02
4.500000e-01 1.832333e-02
5.100000e-01 1.987917e-02
7.500000e-02 1.611425e-02
5.250000e-01 2.041028e-02
5.550000e-01 2.166858e-02
2.550000e-01 1.649270e-02
6.000000e-01 2.416298e-02
9.000000e-02 1.600121e-02
6.300000e-01 2.633400e-02
3.300000e-01 1.684885e-02
7.350000e-01 3.983701e-02
3.000000e-01 1.670782e-02
7.650000e-01 4.628327e-02
8.100000e-01 6.001090e-02
3.900000e-01 1.738431e-02
8.400000e-01 7.248664e-02
5.850000e-01 2.321340e-02
2.100000e-01 1.635799e-02
2.250000e-01 1.643051e-02
3.750000e-01 1.722981e-02
1.050000e-01 1.606672e-02
0.000000e+00 1.602446e-02
8.700000e-01 8.815440e-02
1.350000e-01 1.624616e-02
4.650000e-01 1.865334e-02
4.050000e-01 1.754964e-02
5.700000e-01 2.239213e-02
8.850000e-01 9.716622e-02
3.000000e-02 1.606442e-02
2.700000e-01 1.656087e-02
1.695000e+00 9.424168e-02
8.550000e-01 7.995720e-02
1.500000e-02 1.596650e-02
7.200000e-01 3.712342e-02
1.605000e+00 1.126137e-01
4.950000e-01 1.939127e-02
1.335000e+00 2.028690e-01
1.650000e-01 1.628324e-02
1.185000e+00 2.427230e-01
1.155000e+00 2.430661e-01
4.500000e-02 1.604353e-02
3.150000e-01 1.678163e-02
1.575000e+00 1.201553e-01
1.095000e+00 2.317047e-01
1.590000e+00 1.162239e-01
4.800000e-01 1.900037e-02
1.455000e+00 1.573844e-01
1.530000e+00 1.328086e-01
1.560000e+00 1.241991e-01
1.515000e+00 1.372972e-01
1.665000e+00 9.969870e-02
1.440000e+00 1.628265e-01
1.710000e+00 9.166850e-02
9.900000e-01 1.731505e-01
1.230000e+00 2.361038e-01
1.200000e+00 2.412454e-01
1.635000e+00 1.058215e-01
1.305000e+00 2.140113e-01
7.800000e-01 5.037584e-02
1.410000e+00 1.739920e-01
1.545000e+00 1.283825e-01
1.125000e+00 2.395673e-01
1.740000e+00 8.689784e-02
1.080000e+00 2.262339e-01
1.425000e+00 1.683179e-01
1.005000e+00 1.840616e-01
1.785000e+00 8.059220e-02
1.320000e+00 2.084411e-01
1.395000e+00 1.797076e-01
6.000000e-02 1.604343e-02
1.650000e+00 1.027857e-01
1.365000e+00 1.913200e-01
9.450000e-01 1.393438e-01
1.275000e+00 2.240412e-01
9.750000e-01 1.620484e-01
1.500000e+00 1.420358e-01
1.020000e+00 1.941305e-01
1.110000e+00 2.361042e-01
9.000000e-01 1.069088e-01
1.050000e+00 2.121246e-01
1.770000e+00 8.259758e-02
1.170000e+00 2.433243e-01
1.485000e+00 1.470467e-01
1.995000e+00 6.055017e-02
1.245000e+00 2.326657e-01
2.355000e+00 4.551686e-02
1.140000e+00 2.418209e-01
1.755000e+00 8.462027e-02
2.505000e+00 4.329696e-02
2.130000e+00 5.282952e-02
2.055000e+00 5.662614e-02
1.725000e+00 8.913045e-02
2.340000e+00 4.595518e-02
1.350000e+00 1.971403e-01
2.595000e+00 4.234767e-02
1.980000e+00 6.156097e-02
1.680000e+00 9.690728e-02
2.205000e+00 4.975799e-02
1.470000e+00 1.519976e-01
9.150000e-01 1.172069e-01
2.325000e+00 4.627213e-02
1.890000e+00 6.901107e-02
2.430000e+00 4.419064e-02
2.220000e+00 4.918819e-02
1.290000e+00 2.190860e-01
9.300000e-01 1.281317e-01
1.875000e+00 7.037141e-02
2.295000e+00 4.701340e-02
1.065000e+00 2.197895e-01
2.400000e+00 4.471549e-02
2.535000e+00 4.285608e-02
1.215000e+00 2.389670e-01
1.260000e+00 2.283571e-01
1.035000e+00 2.036087e-01
9.600000e-01 1.508888e-01
1.800000e+00 7.862506e-02
2.175000e+00 5.093432e-02
2.685000e+00 4.159124e-02
2.460000e+00 4.375439e-02
2.085000e+00 5.503158e-02
1.380000e+00 1.855643e-01
2.235000e+00 4.875094e-02
2.640000e+00 4.178781e-02
2.490000e+00 4.337050e-02
2.145000e+00 5.215575e-02
1.620000e+00 1.092173e-01
2.010000e+00 5.946994e-02
2.415000e+00 4.450930e-02
1.920000e+00 6.631842e-02
2.550000e+00 4.274677e-02
2.610000e+00 4.210737e-02
2.265000e+00 4.783287e-02
2.070000e+00 5.585563e-02
2.310000e+00 4.665012e-02
2.475000e+00 4.357782e-02
2.565000e+00 4.250768e-02
2.250000e+00 4.827897e-02
2.100000e+00 5.425272e-02
2.040000e+00 5.757237e-02
2.625000e+00 4.195406e-02
1.815000e+00 7.684727e-02
2.160000e+00 5.146903e-02
2.025000e+00 5.852907e-02
2.445000e+00 4.399046e-02
2.880000e+00 4.077761e-02
2.370000e+00 4.527742e-02
1.905000e+00 6.761237e-02
2.385000e+00 4.502598e-02
2.190000e+00 5.036665e-02
2.115000e+00 5.353145e-02
1.845000e+00 7.349560e-02
2.655000e+00 4.179998e-02
1.950000e+00 6.374284e-02
1.935000e+00 6.502068e-02
2.775000e+00 4.108905e-02
2.580000e+00 4.230095e-02
2.670000e+00 4.163226e-02
2.790000e+00 4.119974e-02
1.965000e+00 6.266832e-02
2.895000e+00 4.078268e-02
1.860000e+00 7.193449e-02
1.830000e+00 7.507685e-02
2.280000e+00 4.739413e-02
2.700000e+00 4.158624e-02
2.520000e+00 4.306281e-02
2.910000e+00 4.090906e-02
2.820000e+00 4.093384e-02
2.940000e+00 4.054103e-02
3.000000e+00 4.041334e-02
2.715000e+00 4.087077e-02
2.970000e+00 4.062907e-02
2.850000e+00 4.080178e-02
2.985000e+00 4.054858e-02
2.805000e+00 4.100344e-02
2.760000e+00 4.151586e-02
2.955000e+00 4.063844e-02
2.925000e+00 4.070018e-02
2.865000e+00 4.083956e-02
2.835000e+00 4.095012e-02
2.745000e+00 4.129825e-02
2.730000e+00 4.131008e-02
