5.700000e-01 3.639945e-02
6.450000e-01 4.145264e-02
2.850000e-01 3.233947e-02
5.850000e-01 3.741491e-02
3.900000e-01 3.230962e-02
3.000000e-01 3.207101e-02
6.300000e-01 4.022453e-02
7.200000e-01 4.998528e-02
6.750000e-01 4.431161e-02
1.500000e-01 3.183952e-02
4.950000e-01 3.408391e-02
6.600000e-01 4.294228e-02
6.000000e-02 3.197467e-02
5.250000e-01 3.473055e-02
7.650000e-01 5.756423e-02
1.200000e-01 3.191991e-02
2.250000e-01 3.246288e-02
8.100000e-01 6.833475e-02
8.250000e-01 7.254887e-02
2.550000e-01 3.183253e-02
5.400000e-01 3.535990e-02
3.750000e-01 3.265312e-02
8.550000e-01 8.265195e-02
0.000000e+00 3.183455e-02
4.200000e-01 3.291124e-02
1.500000e-02 4.793470e-02
4.500000e-02 3.195402e-02
7.500000e-01 5.470636e-02
1.800000e-01 3.216486e-02
7.350000e-01 5.216608e-02
1.350000e-01 3.205493e-02
3.300000e-01 3.198114e-02
4.350000e-01 3.295448e-02
5.100000e-01 3.434332e-02
8.850000e-01 9.450525e-02
2.700000e-01 3.196444e-02
6.150000e-01 3.916333e-02
7.050000e-01 4.786940e-02
3.450000e-01 3.210643e-02
7.950000e-01 6.432501e-02
2.100000e-01 3.194171e-02
8.400000e-01 7.739187e-02
4.800000e-01 3.353920e-02
1.050000e-01 3.209231e-02
3.150000e-01 3.220079e-02
6.900000e-01 4.597559e-02
4.500000e-01 3.298558e-02
2.400000e-01 3.200957e-02
1.950000e-01 3.180352e-02
4.050000e-01 3.245422e-02
3.600000e-01 3.220727e-02
9.000000e-02 3.211410e-02
7.800000e-01 6.063184e-02
3.000000e-02 3.193737e-02
4.650000e-01 3.326142e-02
5.550000e-01 3.585939e-02
1.650000e-01 3.188044e-02
6.000000e-01 3.817224e-02
8.700000e-01 8.834376e-02
1.200000e+00 1.823994e-01
7.500000e-02 3.191668e-02
1.470000e+00 9.637431e-02
1.575000e+00 7.013101e-02
9.000000e-01 1.010574e-01
1.185000e+00 1.845205e-01
1.635000e+00 5.880565e-02
1.620000e+00 6.131563e-02
1.245000e+00 1.721510e-01
1.485000e+00 9.212242e-02
1.125000e+00 1.862379e-01
1.230000e+00 1.759761e-01
1.155000e+00 1.868774e-01
1.530000e+00 8.036127e-02
1.665000e+00 5.412354e-02
1.320000e+00 1.477043e-01
1.560000e+00 7.328195e-02
1.080000e+00 1.788584e-01
1.005000e+00 1.598399e-01
9.150000e-01 1.081033e-01
9.600000e-01 1.298265e-01
1.605000e+00 6.412226e-02
1.455000e+00 1.008967e-01
1.020000e+00 1.582986e-01
1.335000e+00 1.421795e-01
1.695000e+00 5.003577e-02
1.215000e+00 1.797543e-01
1.395000e+00 1.206688e-01
9.900000e-01 1.446735e-01
1.425000e+00 1.104899e-01
1.275000e+00 1.630934e-01
1.050000e+00 1.698348e-01
1.440000e+00 1.056648e-01
1.305000e+00 1.527529e-01
1.545000e+00 7.672796e-02
1.260000e+00 1.676999e-01
1.515000e+00 8.406567e-02
1.410000e+00 1.155537e-01
1.500000e+00 8.788837e-02
1.110000e+00 1.845653e-01
1.770000e+00 4.141811e-02
1.710000e+00 4.808712e-02
9.750000e-01 1.373201e-01
1.140000e+00 1.868397e-01
1.755000e+00 4.303900e-02
1.380000e+00 1.261220e-01
9.450000e-01 1.224645e-01
1.740000e+00 4.455974e-02
1.680000e+00 5.202872e-02
1.170000e+00 1.860174e-01
1.095000e+00 1.821395e-01
1.350000e+00 1.367833e-01
1.590000e+00 6.751513e-02
1.785000e+00 4.000012e-02
1.065000e+00 1.747579e-01
1.800000e+00 3.869677e-02
1.650000e+00 5.655381e-02
1.365000e+00 1.315296e-01
1.035000e+00 1.644543e-01
9.300000e-01 1.149760e-01
1.290000e+00 1.580863e-01
1.860000e+00 3.397605e-02
1.725000e+00 4.625309e-02
2.145000e+00 2.174825e-02
2.130000e+00 2.203735e-02
2.385000e+00 1.750276e-02
1.815000e+00 3.742178e-02
2.220000e+00 2.007033e-02
2.235000e+00 1.973773e-02
2.100000e+00 2.293109e-02
2.340000e+00 1.811556e-02
2.520000e+00 1.636380e-02
2.430000e+00 1.708356e-02
1.920000e+00 3.036739e-02
1.890000e+00 3.203655e-02
2.295000e+00 1.871741e-02
2.475000e+00 1.672945e-02
2.055000e+00 2.437951e-02
2.565000e+00 1.610428e-02
2.595000e+00 1.594918e-02
1.965000e+00 2.801971e-02
1.875000e+00 3.303796e-02
1.980000e+00 2.729574e-02
2.355000e+00 1.793439e-02
2.175000e+00 2.100163e-02
2.010000e+00 2.612805e-02
1.935000e+00 2.941640e-02
2.445000e+00 1.688285e-02
2.085000e+00 2.341189e-02
2.415000e+00 1.721244e-02
2.280000e+00 1.899487e-02
1.845000e+00 3.507369e-02
1.950000e+00 2.873270e-02
2.160000e+00 2.136066e-02
2.040000e+00 2.495201e-02
2.370000e+00 1.777444e-02
2.115000e+00 2.249672e-02
2.400000e+00 1.742338e-02
1.995000e+00 2.669384e-02
2.025000e+00 2.546227e-02
2.205000e+00 2.029922e-02
2.310000e+00 1.849266e-02
2.640000e+00 1.568969e-02
2.460000e+00 1.681958e-02
2.265000e+00 1.912793e-02
2.760000e+00 1.525858e-02
2.535000e+00 1.621369e-02
2.070000e+00 2.388538e-02
2.610000e+00 1.583854e-02
2.325000e+00 1.832814e-02
2.190000e+00 2.067689e-02
2.670000e+00 1.555695e-02
2.505000e+00 1.645476e-02
2.700000e+00 1.551792e-02
2.655000e+00 1.565278e-02
2.715000e+00 1.547240e-02
2.625000e+00 1.576671e-02
2.550000e+00 1.613860e-02
1.905000e+00 3.116003e-02
2.685000e+00 1.553031e-02
2.250000e+00 1.946533e-02
2.580000e+00 1.600241e-02
2.955000e+00 1.513345e-02
2.820000e+00 1.543418e-02
2.790000e+00 1.527446e-02
2.835000e+00 1.528324e-02
2.775000e+00 1.524712e-02
2.910000e+00 1.461059e-02
2.490000e+00 1.656074e-02
1.830000e+00 3.622054e-02
2.880000e+00 1.496719e-02
2.745000e+00 1.527743e-02
3.000000e+00 1.484880e-02
2.865000e+00 1.496766e-02
2.985000e+00 1.499520e-02
2.850000e+00 1.502153e-02
2.940000e+00 1.484794e-02
2.895000e+00 1.507220e-02
2.970000e+00 1.499928e-02
2.925000e+00 1.491994e-02
2.805000e+00 1.514522e-02
2.730000e+00 1.548591e-02
