2.850000e-01 1.487725e-08
1.500000e-01 5.839397e-09
1.950000e-01 7.895975e-09
1.800000e-01 7.143524e-09
2.400000e-01 1.083243e-08
7.500000e-02 3.445459e-09
1.200000e-01 4.696241e-09
1.050000e-01 4.221286e-09
1.500000e-02 2.267806e-09
3.000000e-01 1.648166e-08
2.550000e-01 1.202971e-08
0.000000e+00 2.046411e-09
9.000000e-02 3.788480e-09
4.050000e-01 3.446713e-08
3.150000e-01 1.830961e-08
2.100000e-01 8.796534e-09
3.000000e-02 2.522631e-09
4.800000e-01 5.889903e-08
1.650000e-01 6.435580e-09
1.350000e-01 5.229732e-09
6.000000e-02 3.092571e-09
5.250000e-01 8.135688e-08
2.250000e-01 9.759440e-09
5.100000e-01 7.310193e-08
2.700000e-01 1.336694e-08
5.700000e-01 1.133919e-07
5.850000e-01 1.266618e-07
6.150000e-01 1.586193e-07
3.300000e-01 2.032183e-08
8.100000e-01 8.003248e-07
3.600000e-01 2.506045e-08
4.350000e-01 4.268323e-08
4.500000e-02 2.791613e-09
5.400000e-01 9.090373e-08
5.550000e-01 1.014675e-07
4.200000e-01 3.836320e-08
3.450000e-01 2.260990e-08
4.950000e-01 6.562939e-08
8.550000e-01 1.227537e-06
4.500000e-01 4.749563e-08
6.450000e-01 1.993755e-07
1.140000e+00 7.371878e-06
6.300000e-01 1.776591e-07
8.400000e-01 1.062789e-06
7.350000e-01 4.106751e-07
8.850000e-01 1.635198e-06
6.750000e-01 2.518543e-07
8.250000e-01 9.218514e-07
6.600000e-01 2.240126e-07
3.900000e-01 3.106422e-08
6.000000e-01 1.417667e-07
6.900000e-01 2.836408e-07
9.000000e-01 1.881705e-06
7.500000e-01 4.667057e-07
1.185000e+00 7.664139e-06
9.600000e-01 3.159221e-06
1.470000e+00 3.518803e-06
7.650000e-01 5.319199e-07
9.150000e-01 2.158735e-06
7.200000e-01 3.622458e-07
3.750000e-01 2.791337e-08
9.750000e-01 3.545548e-06
9.300000e-01 2.464814e-06
9.900000e-01 3.943942e-06
7.800000e-01 6.074399e-07
9.450000e-01 2.800844e-06
1.155000e+00 7.516852e-06
1.095000e+00 6.645354e-06
1.230000e+00 7.529067e-06
1.170000e+00 7.615838e-06
4.650000e-01 5.287066e-08
1.065000e+00 5.963223e-06
1.215000e+00 7.619869e-06
8.700000e-01 1.417640e-06
1.080000e+00 6.318729e-06
1.110000e+00 6.931823e-06
7.050000e-01 3.204203e-07
1.245000e+00 7.403933e-06
1.005000e+00 4.355403e-06
1.515000e+00 2.811256e-06
1.290000e+00 6.825856e-06
1.305000e+00 6.581262e-06
1.050000e+00 5.583605e-06
1.275000e+00 7.046439e-06
1.545000e+00 2.399697e-06
1.020000e+00 4.769453e-06
7.950000e-01 6.962011e-07
1.410000e+00 4.603265e-06
1.425000e+00 4.320137e-06
1.800000e+00 5.185237e-07
1.035000e+00 5.182267e-06
1.320000e+00 6.321783e-06
1.620000e+00 1.573873e-06
1.380000e+00 5.184116e-06
1.635000e+00 1.441645e-06
1.500000e+00 3.034473e-06
1.260000e+00 7.240654e-06
1.395000e+00 4.891564e-06
1.605000e+00 1.717182e-06
1.875000e+00 3.184114e-07
1.845000e+00 3.875208e-07
1.125000e+00 7.174496e-06
1.560000e+00 2.211483e-06
1.335000e+00 6.046037e-06
1.575000e+00 2.035028e-06
1.440000e+00 4.045915e-06
1.965000e+00 1.753387e-07
1.755000e+00 6.911487e-07
1.740000e+00 7.593735e-07
2.205000e+00 3.451762e-08
1.830000e+00 4.270952e-07
1.710000e+00 9.157993e-07
2.175000e+00 4.236390e-08
1.485000e+00 3.271780e-06
2.130000e+00 5.756461e-08
1.935000e+00 2.140338e-07
1.650000e+00 1.318855e-06
1.455000e+00 3.776810e-06
2.295000e+00 1.864790e-08
1.905000e+00 2.611459e-07
1.950000e+00 1.938419e-07
1.350000e+00 5.763691e-06
1.815000e+00 4.708146e-07
1.200000e+00 7.665390e-06
1.890000e+00 2.884890e-07
1.365000e+00 5.475712e-06
1.725000e+00 8.344623e-07
1.770000e+00 6.283270e-07
1.980000e+00 1.584831e-07
2.160000e+00 4.691554e-08
2.040000e+00 1.058607e-07
2.085000e+00 7.809349e-08
1.590000e+00 1.870736e-06
2.265000e+00 2.289412e-08
1.665000e+00 1.205198e-06
2.070000e+00 8.647987e-08
2.145000e+00 5.192661e-08
2.535000e+00 3.573952e-09
1.530000e+00 2.599034e-06
2.505000e+00 4.395661e-09
2.100000e+00 7.055904e-08
2.310000e+00 1.680226e-08
1.920000e+00 2.365013e-07
1.785000e+00 5.708710e-07
1.995000e+00 1.433176e-07
1.695000e+00 1.004313e-06
2.280000e+00 2.064764e-08
2.595000e+00 2.356896e-09
2.055000e+00 9.575815e-08
2.460000e+00 5.990564e-09
2.625000e+00 1.924574e-09
2.025000e+00 1.172456e-07
2.475000e+00 5.407373e-09
2.370000e+00 1.113548e-08
2.220000e+00 3.116466e-08
2.490000e+00 4.878825e-09
2.235000e+00 2.810713e-08
2.835000e+00 4.511453e-10
1.680000e+00 1.100674e-06
2.925000e+00 2.425796e-10
2.865000e+00 3.671137e-10
2.640000e+00 1.735411e-09
2.415000e+00 8.167250e-09
2.610000e+00 2.132679e-09
2.325000e+00 1.516770e-08
2.430000e+00 7.373308e-09
2.385000e+00 1.004539e-08
2.115000e+00 6.371410e-08
2.250000e+00 2.535389e-08
2.790000e+00 6.156441e-10
2.400000e+00 9.059381e-09
2.565000e+00 2.908775e-09
1.860000e+00 3.513215e-07
2.955000e+00 1.964085e-10
2.820000e+00 4.999572e-10
2.355000e+00 1.234946e-08
2.550000e+00 3.224634e-09
2.655000e+00 1.563516e-09
2.805000e+00 5.553892e-10
2.970000e+00 1.777807e-10
2.760000e+00 7.563518e-10
2.940000e+00 2.184549e-10
2.445000e+00 6.647179e-09
2.730000e+00 9.303386e-10
2.010000e+00 1.296449e-07
2.580000e+00 2.619316e-09
2.190000e+00 3.823871e-08
2.685000e+00 1.272055e-09
2.715000e+00 1.035227e-09
2.895000e+00 2.976115e-10
2.880000e+00 3.314232e-10
2.700000e+00 1.145965e-09
2.745000e+00 8.402764e-10
2.775000e+00 6.813178e-10
2.985000e+00 1.603542e-10
2.520000e+00 3.966729e-09
2.910000e+00 2.696609e-10
2.340000e+00 1.368473e-08
2.850000e+00 4.056396e-10
2.670000e+00 1.408944e-09
3.000000e+00 1.443064e-10
