-3.425000e-01 2.301709e-10
-1.150000e-01 1.009592e-09
-4.300000e-01 1.229383e-10
-4.650000e-01 9.907210e-11
-2.200000e-01 5.359517e-10
-3.600000e-01 2.022221e-10
-2.725000e-01 3.717887e-10
-1.850000e-01 6.889461e-10
-2.550000e-01 4.244496e-10
-2.375000e-01 4.725785e-10
-2.900000e-01 3.313089e-10
-5.000000e-01 7.441227e-11
-1.500000e-01 8.639585e-10
-3.250000e-01 2.587296e-10
-4.825000e-01 8.653022e-11
-3.775000e-01 1.844099e-10
6.000000e-02 3.734752e-09
-6.250000e-02 1.619966e-09
-4.475000e-01 1.105476e-10
-4.125000e-01 1.401468e-10
2.175000e-01 1.123359e-08
1.825000e-01 8.789450e-09
-1.675000e-01 7.733643e-10
1.300000e-01 6.086864e-09
-2.025000e-01 6.047977e-10
2.875000e-01 1.838550e-08
-2.750000e-02 2.027566e-09
2.525000e-01 1.434391e-08
-1.325000e-01 9.818845e-10
1.650000e-01 7.772480e-09
1.475000e-01 6.883340e-09
-9.750000e-02 1.256042e-09
-3.075000e-01 2.953641e-10
2.500000e-02 2.929788e-09
-3.950000e-01 1.600161e-10
4.250000e-02 3.314113e-09
6.900000e-01 3.763978e-07
3.400000e-01 2.666167e-08
-4.500000e-02 1.801167e-09
1.125000e-01 5.389898e-09
5.850000e-01 1.610334e-07
7.750000e-02 4.232258e-09
6.550000e-01 2.813475e-07
2.350000e-01 1.271009e-08
5.325000e-01 1.077513e-07
-8.000000e-02 1.407698e-09
3.750000e-01 3.420220e-08
-1.000000e-02 2.297901e-09
4.625000e-01 6.428343e-08
5.500000e-01 1.231546e-07
3.050000e-01 2.076756e-08
6.200000e-01 2.120511e-07
5.150000e-01 9.458014e-08
2.700000e-01 1.626435e-08
4.275000e-01 4.987114e-08
7.775000e-01 7.714641e-07
7.500000e-03 2.601680e-09
9.500000e-02 4.789269e-09
2.000000e-01 9.938932e-09
5.675000e-01 1.405399e-07
7.425000e-01 5.822609e-07
9.875000e-01 2.099508e-06
4.450000e-01 5.662729e-08
1.022500e+00 2.160351e-06
4.800000e-01 7.312980e-08
8.300000e-01 1.127093e-06
3.925000e-01 3.875826e-08
3.225000e-01 2.357254e-08
6.375000e-01 2.441925e-07
9.525000e-01 1.965312e-06
3.575000e-01 3.022520e-08
9.175000e-01 1.765755e-06
7.075000e-01 4.352725e-07
9.350000e-01 1.873536e-06
6.725000e-01 3.250198e-07
1.390000e+00 6.543153e-07
6.025000e-01 1.845052e-07
7.950000e-01 8.818523e-07
8.825000e-01 1.521761e-06
4.975000e-01 8.308162e-08
1.355000e+00 7.877703e-07
4.100000e-01 4.388257e-08
8.475000e-01 1.257863e-06
1.180000e+00 1.676682e-06
1.232500e+00 1.389618e-06
7.250000e-01 5.041022e-07
8.650000e-01 1.390668e-06
9.700000e-01 2.040383e-06
1.145000e+00 1.854823e-06
1.792500e+00 5.317697e-08
1.320000e+00 9.401865e-07
1.057500e+00 2.145498e-06
1.197500e+00 1.581963e-06
1.092500e+00 2.065668e-06
1.075000e+00 2.113010e-06
1.250000e+00 1.294024e-06
1.635000e+00 1.494493e-07
7.600000e-01 6.718304e-07
1.425000e+00 5.388648e-07
1.127500e+00 1.934730e-06
1.285000e+00 1.110409e-06
1.267500e+00 1.200253e-06
9.000000e-01 1.648883e-06
1.372500e+00 7.189149e-07
8.125000e-01 1.001913e-06
1.722500e+00 8.450754e-08
1.477500e+00 3.974006e-07
1.582500e+00 2.088586e-07
1.162500e+00 1.769172e-06
1.110000e+00 2.006332e-06
1.337500e+00 8.625599e-07
1.005000e+00 2.139010e-06
1.040000e+00 2.161872e-06
1.600000e+00 1.871942e-07
2.037500e+00 1.012646e-08
1.460000e+00 4.404664e-07
1.775000e+00 5.976059e-08
1.547500e+00 2.599617e-07
2.125000e+00 5.562838e-09
1.880000e+00 2.951819e-08
2.195000e+00 3.442371e-09
1.530000e+00 2.895786e-07
1.495000e+00 3.581723e-07
1.215000e+00 1.485270e-06
1.757500e+00 6.710979e-08
1.565000e+00 2.331556e-07
1.687500e+00 1.064119e-07
1.302500e+00 1.023690e-06
2.002500e+00 1.286362e-08
1.740000e+00 7.526032e-08
1.442500e+00 4.874370e-07
2.440000e+00 6.364709e-10
1.407500e+00 5.942632e-07
1.862500e+00 3.324130e-08
1.827500e+00 4.208379e-08
2.177500e+00 3.881407e-09
1.512500e+00 3.222179e-07
1.932500e+00 2.069306e-08
2.160000e+00 4.378453e-09
1.985000e+00 1.449072e-08
1.652500e+00 1.336450e-07
1.967500e+00 1.632170e-08
1.897500e+00 2.624992e-08
2.230000e+00 2.697972e-09
1.617500e+00 1.672648e-07
1.705000e+00 9.485111e-08
1.670000e+00 1.192287e-07
2.335000e+00 1.311533e-09
1.845000e+00 3.738614e-08
2.090000e+00 7.069381e-09
1.810000e+00 4.731199e-08
2.265000e+00 2.126401e-09
2.580000e+00 2.418656e-10
1.950000e+00 1.838275e-08
2.842500e+00 3.941951e-11
2.527500e+00 3.482318e-10
2.562500e+00 2.732732e-10
1.915000e+00 2.331971e-08
2.282500e+00 1.885497e-09
2.597500e+00 2.148905e-10
2.142500e+00 4.933024e-09
2.212500e+00 3.048535e-09
2.352500e+00 1.164887e-09
2.107500e+00 6.274272e-09
2.300000e+00 1.670531e-09
2.405000e+00 8.108576e-10
2.632500e+00 1.688477e-10
2.317500e+00 1.482069e-09
2.020000e+00 1.141337e-08
2.545000e+00 3.063265e-10
2.615000e+00 1.901253e-10
2.370000e+00 1.031950e-09
2.930000e+00 2.165386e-11
2.965000e+00 1.664421e-11
2.387500e+00 9.147016e-10
2.667500e+00 1.323325e-10
2.247500e+00 2.398061e-09
2.492500e+00 4.433845e-10
2.055000e+00 8.983389e-09
2.422500e+00 7.190405e-10
2.702500e+00 1.039305e-10
2.685000e+00 1.170927e-10
2.755000e+00 7.245629e-11
3.000000e+00 1.334699e-11
2.947500e+00 1.916859e-11
2.982500e+00 1.505414e-11
2.807500e+00 5.027177e-11
2.650000e+00 1.497980e-10
2.790000e+00 5.679567e-11
2.510000e+00 3.930660e-10
2.737500e+00 8.171751e-11
2.072500e+00 7.971173e-09
2.720000e+00 9.218117e-11
2.457500e+00 5.628363e-10
2.895000e+00 2.753818e-11
2.825000e+00 4.452926e-11
2.475000e+00 5.009899e-10
2.772500e+00 6.424679e-11
2.860000e+00 3.497953e-11
2.877500e+00 2.794083e-11
2.912500e+00 2.435672e-11
