-3.600000e-01 2.001118e-10
-1.325000e-01 9.827058e-10
-3.075000e-01 2.917495e-10
-2.025000e-01 6.048938e-10
-2.200000e-01 5.347977e-10
-2.550000e-01 4.172757e-10
-2.900000e-01 3.281464e-10
-3.775000e-01 1.784080e-10
-3.250000e-01 2.589703e-10
4.250000e-02 3.299064e-09
-4.475000e-01 1.091437e-10
-4.125000e-01 1.417128e-10
-4.825000e-01 8.667846e-11
-2.375000e-01 4.744751e-10
2.700000e-01 1.620731e-08
-1.850000e-01 6.795943e-10
-2.725000e-01 3.741650e-10
-1.500000e-01 8.672728e-10
-1.150000e-01 1.109440e-09
-5.000000e-01 7.648925e-11
-3.425000e-01 2.288171e-10
9.500000e-02 4.749443e-09
-3.950000e-01 1.587235e-10
-1.675000e-01 7.680341e-10
1.125000e-01 5.347715e-09
2.500000e-02 2.860934e-09
6.725000e-01 3.239556e-07
2.000000e-01 9.896249e-09
1.475000e-01 6.865772e-09
1.825000e-01 8.763696e-09
7.750000e-02 4.205716e-09
-4.500000e-02 1.803790e-09
4.450000e-01 5.643728e-08
1.650000e-01 7.724136e-09
-8.000000e-02 1.414422e-09
5.850000e-01 1.605826e-07
2.175000e-01 1.123016e-08
4.275000e-01 4.978149e-08
4.800000e-01 7.291806e-08
2.525000e-01 1.434255e-08
6.000000e-02 3.777411e-09
2.875000e-01 1.833623e-08
2.350000e-01 1.266296e-08
-9.750000e-02 1.248319e-09
6.025000e-01 1.839701e-07
5.500000e-01 1.227986e-07
-4.650000e-01 9.960037e-11
8.475000e-01 1.257538e-06
-4.300000e-01 1.246428e-10
4.975000e-01 8.285777e-08
1.300000e-01 6.075817e-09
4.625000e-01 6.390814e-08
6.375000e-01 2.431170e-07
3.050000e-01 2.060079e-08
3.225000e-01 2.348565e-08
7.500000e-03 2.585041e-09
1.250000e+00 1.379138e-06
5.675000e-01 1.402699e-07
8.825000e-01 1.526039e-06
9.000000e-01 1.654446e-06
6.200000e-01 2.112107e-07
6.550000e-01 2.805149e-07
6.900000e-01 3.746576e-07
8.650000e-01 1.391346e-06
-1.000000e-02 2.293071e-09
5.325000e-01 1.075931e-07
8.300000e-01 1.125460e-06
1.075000e+00 2.179133e-06
3.575000e-01 3.010867e-08
1.005000e+00 2.179068e-06
-6.250000e-02 1.590996e-09
1.652500e+00 1.481639e-07
9.700000e-01 2.067726e-06
1.040000e+00 2.215042e-06
9.875000e-01 2.132438e-06
1.022500e+00 2.206830e-06
9.525000e-01 1.985460e-06
7.250000e-01 5.024057e-07
4.100000e-01 4.384243e-08
-2.750000e-02 2.028277e-09
1.285000e+00 1.189951e-06
3.400000e-01 2.660907e-08
7.075000e-01 4.338161e-07
1.407500e+00 6.474310e-07
2.055000e+00 1.004466e-08
1.232500e+00 1.475807e-06
1.442500e+00 5.334927e-07
3.925000e-01 3.864362e-08
1.425000e+00 5.879055e-07
7.425000e-01 5.809735e-07
8.125000e-01 9.990207e-07
9.350000e-01 1.888276e-06
1.092500e+00 2.136587e-06
1.057500e+00 2.205108e-06
1.267500e+00 1.282666e-06
5.150000e-01 9.435538e-08
7.600000e-01 6.700621e-07
1.390000e+00 7.115316e-07
1.355000e+00 8.532825e-07
1.372500e+00 7.800598e-07
1.635000e+00 1.656943e-07
1.477500e+00 4.358921e-07
1.495000e+00 3.931603e-07
1.670000e+00 1.324357e-07
1.162500e+00 1.854195e-06
1.687500e+00 1.181881e-07
3.750000e-01 3.393263e-08
1.302500e+00 1.100149e-06
1.215000e+00 1.573900e-06
1.110000e+00 2.082435e-06
1.810000e+00 5.275202e-08
1.337500e+00 9.310567e-07
1.145000e+00 1.939049e-06
1.757500e+00 7.470218e-08
1.827500e+00 4.691984e-08
1.127500e+00 2.015144e-06
1.460000e+00 4.826667e-07
7.950000e-01 8.797065e-07
1.775000e+00 6.654124e-08
2.037500e+00 1.132735e-08
1.880000e+00 3.297941e-08
1.792500e+00 5.926242e-08
1.512500e+00 3.545140e-07
9.175000e-01 1.776690e-06
2.072500e+00 8.914682e-09
1.565000e+00 2.575849e-07
2.457500e+00 6.320532e-10
7.775000e-01 7.694652e-07
1.845000e+00 4.172663e-08
2.160000e+00 4.896460e-09
2.212500e+00 3.414773e-09
1.197500e+00 1.670613e-06
2.090000e+00 7.908858e-09
2.282500e+00 2.109228e-09
1.530000e+00 3.188375e-07
1.915000e+00 2.602738e-08
1.320000e+00 1.013708e-06
1.862500e+00 3.708591e-08
2.230000e+00 3.028274e-09
1.705000e+00 1.054890e-07
1.740000e+00 8.382161e-08
1.897500e+00 2.930710e-08
1.967500e+00 1.823625e-08
2.440000e+00 7.136249e-10
2.195000e+00 3.853124e-09
1.547500e+00 2.867429e-07
2.632500e+00 1.886803e-10
2.107500e+00 7.022439e-09
2.860000e+00 3.928195e-11
2.317500e+00 1.658331e-09
2.177500e+00 4.343798e-09
2.562500e+00 3.059471e-10
2.142500e+00 5.519184e-09
1.932500e+00 2.313389e-08
2.475000e+00 5.615335e-10
1.180000e+00 1.764019e-06
2.247500e+00 2.686901e-09
1.950000e+00 2.054334e-08
2.615000e+00 2.131933e-10
2.265000e+00 2.380271e-09
2.597500e+00 2.404255e-10
2.300000e+00 1.870931e-09
1.722500e+00 9.405022e-08
1.600000e+00 2.069168e-07
2.580000e+00 2.704370e-10
2.492500e+00 4.964565e-10
2.685000e+00 1.313506e-10
1.582500e+00 2.309731e-07
2.842500e+00 4.428294e-11
2.370000e+00 1.154389e-09
2.510000e+00 4.400978e-10
2.720000e+00 1.034343e-10
2.545000e+00 3.455762e-10
1.617500e+00 1.852734e-07
2.965000e+00 1.900631e-11
2.877500e+00 3.479200e-11
2.352500e+00 1.303672e-09
2.667500e+00 1.482648e-10
2.982500e+00 1.682213e-11
2.702500e+00 1.164283e-10
2.335000e+00 1.470717e-09
2.125000e+00 6.226955e-09
2.002500e+00 1.436907e-08
2.895000e+00 3.079869e-11
1.985000e+00 1.619242e-08
2.772500e+00 7.186738e-11
3.000000e+00 1.495276e-11
2.947500e+00 2.143336e-11
2.020000e+00 1.275237e-08
2.912500e+00 2.732717e-11
2.527500e+00 3.897656e-10
2.650000e+00 1.675646e-10
2.737500e+00 9.151093e-11
2.405000e+00 9.075198e-10
2.387500e+00 1.023841e-09
2.422500e+00 8.041315e-10
2.755000e+00 8.107141e-11
2.807500e+00 5.634485e-11
2.790000e+00 6.365905e-11
2.825000e+00 5.003580e-11
2.930000e+00 2.370872e-11
