-1.675000e-01 6.929055e-10
-4.300000e-01 1.121802e-10
-1.850000e-01 6.128260e-10
-4.125000e-01 1.282251e-10
-3.250000e-01 2.345300e-10
-5.000000e-01 6.808812e-11
-2.025000e-01 5.453699e-10
-4.475000e-01 1.014558e-10
-4.825000e-01 7.930559e-11
-3.950000e-01 1.448729e-10
-2.550000e-01 3.804221e-10
-4.650000e-01 9.015875e-11
-3.775000e-01 1.638481e-10
-3.600000e-01 1.826377e-10
-2.200000e-01 4.850975e-10
-2.725000e-01 3.389337e-10
-3.075000e-01 2.625730e-10
-2.900000e-01 2.992135e-10
-1.150000e-01 1.002629e-09
-2.750000e-02 1.839258e-09
2.500000e-02 2.655241e-09
-8.000000e-02 1.271007e-09
2.000000e-01 8.965657e-09
1.475000e-01 6.197364e-09
-1.000000e-02 2.079136e-09
7.750000e-02 3.804658e-09
2.175000e-01 1.011851e-08
-3.425000e-01 2.080940e-10
4.275000e-01 4.474932e-08
1.300000e-01 5.491388e-09
1.825000e-01 7.944962e-09
-9.750000e-02 1.136477e-09
2.350000e-01 1.140732e-08
-1.500000e-01 7.816795e-10
9.500000e-02 4.312208e-09
7.500000e-03 2.350597e-09
3.750000e-01 3.061487e-08
-4.500000e-02 1.630944e-09
5.500000e-01 1.096118e-07
1.125000e-01 4.866382e-09
2.875000e-01 1.654831e-08
-1.325000e-01 8.863490e-10
-6.250000e-02 1.446725e-09
-2.375000e-01 4.297833e-10
3.925000e-01 3.474614e-08
3.225000e-01 2.114356e-08
5.850000e-01 1.428708e-07
6.375000e-01 2.148534e-07
3.575000e-01 2.704537e-08
4.250000e-02 2.986527e-09
8.300000e-01 1.061434e-06
6.000000e-02 3.357355e-09
7.775000e-01 6.870075e-07
4.800000e-01 6.533090e-08
6.900000e-01 3.287879e-07
7.250000e-01 4.404026e-07
3.400000e-01 2.404520e-08
4.100000e-01 3.944788e-08
6.025000e-01 1.634099e-07
5.150000e-01 8.445633e-08
7.950000e-01 7.952600e-07
9.525000e-01 2.547941e-06
1.040000e+00 3.822531e-06
3.050000e-01 1.872448e-08
4.975000e-01 7.425543e-08
2.525000e-01 1.290806e-08
1.650000e-01 7.009653e-09
2.700000e-01 1.461972e-08
8.825000e-01 1.596423e-06
6.200000e-01 1.872128e-07
8.125000e-01 9.200876e-07
4.625000e-01 5.752266e-08
7.600000e-01 5.920441e-07
1.180000e+00 4.595795e-06
5.325000e-01 9.615141e-08
1.127500e+00 4.571306e-06
4.450000e-01 5.058716e-08
1.092500e+00 4.371859e-06
9.875000e-01 3.076833e-06
1.232500e+00 4.321516e-06
7.075000e-01 3.804225e-07
1.285000e+00 3.840108e-06
7.425000e-01 5.106507e-07
6.550000e-01 2.473043e-07
1.022500e+00 3.588724e-06
1.215000e+00 4.440679e-06
1.355000e+00 3.049888e-06
1.582500e+00 9.917141e-07
9.000000e-01 1.812114e-06
1.442500e+00 2.090980e-06
1.005000e+00 3.336823e-06
1.162500e+00 4.623682e-06
5.675000e-01 1.249225e-07
1.110000e+00 4.490160e-06
6.725000e-01 2.848716e-07
1.687500e+00 5.288705e-07
1.145000e+00 4.615633e-06
1.425000e+00 2.269378e-06
8.650000e-01 1.399195e-06
1.530000e+00 1.333402e-06
1.390000e+00 2.650371e-06
1.495000e+00 1.607387e-06
1.197500e+00 4.533992e-06
8.475000e-01 1.220872e-06
9.700000e-01 2.812560e-06
1.635000e+00 7.285668e-07
1.302500e+00 3.650694e-06
1.845000e+00 1.930103e-07
1.617500e+00 8.087787e-07
1.407500e+00 2.456322e-06
9.175000e-01 2.044618e-06
1.985000e+00 7.606150e-08
1.600000e+00 8.963305e-07
1.267500e+00 4.017272e-06
1.827500e+00 2.163789e-07
1.932500e+00 1.080818e-07
1.792500e+00 2.716630e-07
1.757500e+00 3.402012e-07
1.565000e+00 1.096922e-06
1.075000e+00 4.218028e-06
1.512500e+00 1.465396e-06
9.350000e-01 2.290999e-06
2.090000e+00 3.738441e-08
1.057500e+00 4.032876e-06
1.897500e+00 1.364831e-07
1.810000e+00 2.425636e-07
1.372500e+00 2.848818e-06
2.037500e+00 5.336293e-08
2.002500e+00 6.757413e-08
2.247500e+00 1.275292e-08
1.477500e+00 1.759610e-06
1.337500e+00 3.254683e-06
1.915000e+00 1.214836e-07
1.705000e+00 4.740366e-07
1.460000e+00 1.920454e-06
2.230000e+00 1.437882e-08
2.160000e+00 2.313562e-08
1.967500e+00 8.551515e-08
2.387500e+00 4.879190e-09
1.547500e+00 1.210534e-06
1.670000e+00 5.889940e-07
2.335000e+00 6.996311e-09
2.020000e+00 6.004761e-08
2.195000e+00 1.826882e-08
2.300000e+00 8.898669e-09
1.320000e+00 3.454368e-06
1.250000e+00 4.179445e-06
2.492500e+00 2.366477e-09
2.405000e+00 4.328905e-09
1.740000e+00 3.802644e-07
1.880000e+00 1.531588e-07
1.775000e+00 3.041223e-07
2.107500e+00 3.320079e-08
1.862500e+00 1.720438e-07
2.212500e+00 1.620928e-08
2.370000e+00 5.502615e-09
2.317500e+00 7.888211e-09
2.072500e+00 4.209143e-08
2.632500e+00 9.017447e-10
2.650000e+00 7.974623e-10
2.702500e+00 5.554863e-10
1.652500e+00 6.553589e-07
2.895000e+00 1.474423e-10
2.422500e+00 3.831281e-09
2.562500e+00 1.461026e-09
2.142500e+00 2.616113e-08
2.282500e+00 1.003832e-08
2.807500e+00 2.689606e-10
2.597500e+00 1.147227e-09
2.440000e+00 3.395553e-09
2.790000e+00 3.035095e-10
2.177500e+00 2.058833e-08
2.475000e+00 2.670977e-09
1.950000e+00 9.618977e-08
2.720000e+00 4.924742e-10
2.685000e+00 6.078692e-10
2.265000e+00 1.130980e-08
2.772500e+00 3.428512e-10
2.055000e+00 4.738599e-08
2.737500e+00 4.368401e-10
2.615000e+00 1.017057e-09
2.545000e+00 1.647896e-09
1.722500e+00 4.246636e-07
3.000000e+00 7.081985e-11
2.965000e+00 9.058184e-11
2.510000e+00 2.098417e-09
2.825000e+00 2.406728e-10
2.352500e+00 6.202552e-09
2.125000e+00 2.946571e-08
2.877500e+00 1.658142e-10
2.457500e+00 3.011871e-09
2.842500e+00 2.114906e-10
2.755000e+00 3.869115e-10
2.912500e+00 1.305148e-10
2.667500e+00 7.082614e-10
2.527500e+00 1.859540e-09
2.580000e+00 1.296230e-09
2.947500e+00 1.024546e-10
2.930000e+00 1.137495e-10
2.982500e+00 8.032877e-11
2.860000e+00 1.876938e-10
